,logic_gate,max,unique,sum,Deep,Fanouts
0,g000,100,[  8  26  23   9   7 100  36  18  16  15   4  35   1],731,0,1
1,g001,100,[  8   3  26  20   9   6   5 100  39  16  10   2  11  86],557,0,1
2,g002,100,[ 19  26  23  11   8   4 100  44  17  16  10   5   3   2  61],649,0,2
3,g003,100,[ 17  26   8 100  29  16   4  88  64  23  18  49  27],792,0,1
4,g004,100,"[  7   4   2  24  19   8   6   5 100  45  18  15  13   3  82  62  21  17
  34]",840,0,1
5,g005,100,"[ 13   3  24  19   8   6   5 100  46   7  15  11   4   2  82  61  27  20
  14]",791,0,1
6,g006,100,"[ 29  24  18   7   6   5  87  15  11   3   2  82  57  22  21  14  53  20
  10 100]",645,0,1
7,g007,100,[ 30  20  12   5   4   3 100   1  15   6  82  65  25  21  19  90  22],838,0,1
8,g008,100,[ 15   4   2  20  12   5   3 100  40  14  77],535,0,1
9,g009,100,[  6  20  16   8   5   3 100  40  11  15  28  41  13],433,0,1
10,g010,100,[ 19  13  26  15   8   4   3 100  35  16  14   6   5  45  67],495,0,1
11,g011,100,[  8  26  25  18   6   1  83  19  16  14   9   4  82  43  39 100],586,0,1
12,g012,100,[ 14   3  12  10   5   2 100  33   7  82  48  34   8   6   9  30],723,0,1
13,g013,100,[  7  15  12   2   1 100   5  10   4   3  82  61  21  19  57],463,-1,1
14,g014,100,[  6  22  17   7   4 100  35  12  20  15  10   3  18   2  30],537,0,1
15,g015,62,[10  3  1 22 16  8  5 33  2 20 12  4 29 31 15 62],355,-1,1
16,g016,100,[ 48  29  27   5  22  18   7   4 100   1  20  13   2  10  61  25],613,0,1
17,g017,100,[100   8  22   6  48  28  15  20   5   4  30],692,0,1
18,g018,100,[100  20  15   5  35  18  13   3   2   1  14  33  12],595,0,1
19,g019,100,"[  7  20  17   9   6   2 100  73  27  19  18  13   5   3  34  15   4   1
  22]",534,0,5
20,g020,100,[  5   2   1  20  16   6   4 100  74  34  18  14  46  19  26   7],615,0,2
21,g021,100,"[ 12   7   4   2  22  18  11   6   1 100  78  32  24  20  17   8   3  82
  16  73  21  34  10]",705,-1,1
22,g022,100,"[ 24   3  22  21  16   4   1 100  76  32  23  20  10   2  82  42  30   7
   5  84  15  11]",813,0,1
23,g023,100,[ 17   6   9   2   1 100  72  27  24  21   4   3  34  16  10   8],546,-1,2
24,g024,100,"[ 17  11  21  16   6   4 100  76  29  25  22  15   8   5   2  91  67  26
  20  18  31]",790,0,1
25,g025,100,[ 15  21  17   8   5   4 100  73  28  24  91  69  26  19  29  14],771,0,1
26,g026,100,[ 15  21  18   7   6   5 100  74  27  25  22  14   2  88  65   4  98],689,-1,4
27,g027,100,[ 12   6  21   3 100  73  27  26  20  88  68  24  23  14   5   2],574,-2,4
28,g028,100,"[  8   6   5   1  24  17   7   4 100  74  34  31   9  18  15  88  69  25
  20  71   2]",820,-2,1
29,g029,100,"[ 13  24  19  11   5   3 100  71  23  18  15   6   4  88  63  21  76  32
  26  52  28]",938,-1,1
30,g030,100,"[ 13  24  15   6   5   4 100  80  32  25  23  18  14  88  66  19  78  29
  20  37]",986,0,1
31,g031,100,"[ 39  14   9   4   2  21  12   6 100  78  33  23  22  16  10  82  60  20
  18  32  31  19   3]",915,-2,1
32,g032,100,"[ 18   8  21  20  12   5   3 100  78  32  26  17  10   4   1  72  29  22
  52  33  30]",769,-1,1
33,g033,100,"[ 18  10   8   9   7   1 100  76  27  25  24  12   5   2   6  71  32  22
  17  33]",746,0,1
34,g034,100,"[ 18  25   9   6   3 100  82  31  27  24  17  15   7   2  79  33  22  11
   8   4]",694,-2,1
35,g035,100,"[ 29   3  25  19   8   6   5 100  76  28  27  21  17  14   4   2  64  18
  52  24]",762,-1,1
36,g036,100,"[ 13   5  25  18   8   7   3 100  72  28  24  20  17  12   4   1  22  73
  29  26  41]",773,0,1
37,g037,100,[ 13   8   5  25  31  17   4   1 100  76  32  23  21   9   2],401,-2,1
38,g038,100,"[ 13  25  20   8   7   5  17   6   2  10   1 100  76  33  23  52  34  31
   3]",515,-1,1
39,g039,100,[ 29   2  25  22  12  10  30   7  17   6   4 100  78  33  27  18  39],624,0,1
40,g040,100,[ 15  17  11   4   3   7   9   5   1 100  70  29  22  19  25],465,-2,12
41,g041,100,[ 17  23   7   3  34  24   1  15   2  82  64  27  20 100  76  25  10],635,-3,1
42,g042,100,[ 25   3  10   9   6   2   1  47  14   7  95 100  73  30  22  21  19  11],532,-2,1
43,g043,82,[20 24  7  3 14  2 82 28 81 26 13],404,-3,2
44,g044,82,[15  9  5  4  3 18  7 82 51 22 16 13 55 23],386,-3,3
45,g045,91,[27  6  5 23  7  4  3 70 10  2 16  1 91 67 25 19 46],603,-2,1
46,g046,91,[15 12  7  4  2  1  3  9  5 91 69 29 22 18 16],332,-2,1
47,g047,91,[16 24  7  1 15 11  2 91 65 25 22 18  8  4],353,-1,2
48,g048,91,[11  4 25  2  1 18 91 70 26 23 21 46 19],366,-2,3
49,g049,91,[11  4 20 16  6  5 80 63 18  1 17  3 91 73 26 21  2 23],530,-2,16
50,g050,30,[30  7  3 20 13  5  1  2 17 15  4  8],176,-2,2
51,g051,68,[18 20 15  6  3 68 33 16  7 17 11  5  4  2  9  1 23 12  8],338,-1,5
52,g052,81,[19 20  6 81 17  7  9  4 60 15 51],370,-2,2
53,g053,35,[15  5 22 14  4 35  1  8  2  7 16 23  9],240,-1,3
54,g054,41,[15  5 22 16  8  3 41 12  6  7  4  2 28 14 20],278,-3,1
55,g055,34,[28  8  4 22 16  7  5 27 21 11  9  1 15 13  2  6 34 20  3 23],314,-3,4
56,g056,82,[44 15  9  6 21 14  7  4  3 16 11 12  1 82 62 23 18 39 13 56],543,-2,2
57,g057,100,"[100  64  53  24  21  18   8   6   4   3  16  12   2  82  26   9  36  17
  10   7]",685,-2,3
58,g058,100,"[100  21  15   8   4   3  28   9  16  12   6   5   1  82  64  26  25  13
  50  24]",540,-1,2
59,g059,82,[ 6  4  1 20 16  8  5  3 17  9 82 61 24 21 23 15  7],397,-1,2
60,g060,82,[ 4 20 18 11  6  1 17 14  7  5  2 82 62 25  3],344,-1,1
61,g061,53,[ 4 10  7  3  2 24  5  1 53],132,-3,3
62,g062,21,[ 8 21 15  6  5  4 16 12  2  1  9],151,-3,1
63,g063,42,[42 11  6  1 21 15  5  4 35 16  8  3 25  7 18],291,-2,1
64,g064,82,[11 21 16  6  4 34  7  3  9  5  1 82 61 24 19 18 28 12  2],409,-2,1
65,g065,41,[11  7 21  4 41  2 16  8  5  3  1],194,-2,1
66,g066,68,[21  8 20 15  7  5  3 68 27  1 14 12  4  6 31 23  9],343,-1,3
67,g067,100,[  8  20  15   7   4 100  48   2  14  11   5   1  10   3  26],291,-3,1
68,g068,21,[ 8  5  4  1 20 16  6 21 14 10  3  2 11],204,-2,1
69,g069,69,[11 19 16  7  5  4 32 15 12  1  8  3 69 34  9 59],316,-3,4
70,g070,62,[15  5 19  6  4 62 16 12 11  3  2 52 31],309,-3,3
71,g071,70,[55  9  7  4  3 19 15  8  5  2 64 14 12 13 70 31 11 18  1],407,-2,1
72,g072,55,[ 7  6  4  2 21 13  5 42 40 25 15 16  9  1 55 14  3],315,-2,1
73,g073,31,[15 21 20  9  8  3 31 16 14  7  6  1  4 27 23],229,-1,2
74,g074,100,[ 17   1  16  10   4   2  57  18   8   6   3 100  69],385,-3,3
75,g075,82,[ 8  5  3  2  4 82 63 26 19 18 64 10 16],335,-3,1
76,g076,82,[18 22 16  9  4  3 40  1 23 14  5 82 64 27 19  7  6 10],421,-2,1
77,g077,82,[17  6 22 16  5  8  4  1 23 18  9 82 60 19 66 15],458,-2,1
78,g078,82,[52 12  6  1 22 16  5 21 23 20 10  4 82 64 25 19 67 27 14],542,-2,1
79,g079,82,[ 5  4  3  1 22 41 14 23 82 66 21 28  9  6],405,-1,3
80,g080,82,[12 22 13  7  4  2 23 14  3 82 46 24  5],311,-3,1
81,g081,82,[12  3  2 22 20 14  4 36  1 23 21  5 82 44 33  6 31 18 11  9],446,-2,1
82,g082,51,[ 7  5  3  2 16 14  6  1 12 19  9 51 13 10],227,-3,2
83,g083,70,[16 21 11  6  3  2 30 20 22  8  7  9  5  1 70 34  4 15],328,-3,3
84,g084,53,[17  6  5 21 15  3 20 22  7 26  8 53 16  2],265,-2,1
85,g085,78,[49 12  4  1 21 18 10  6  2 19  8 22 78 37 14 13],382,-2,1
86,g086,100,[  6   4   2  21   5  33  20   9  22 100  23  10],293,-1,2
87,g087,48,[11 21 14  7  4  3  9 22 15  6  2 48 18  1],207,-1,1
88,g088,100,[ 17   7   1  21  11   6  56  22  20   3  63  25 100   2],432,0,1
89,g089,69,[ 8  6 16  7  3  1 44  5 13 12 69 48 25 40 23 19 10],452,-3,2
90,g090,69,[16  5  2  4 14 69 31 25 45 11  9  3 19],338,-3,1
91,g091,100,[ 16   8   3 100  28   2  37   6  20   7  57  19  39  21  23  10],705,-2,1
92,g092,100,[ 52   8   4   2 100  50  49   1  31  60  40  82  62  26  19  17  16   6],944,-2,1
93,g093,100,[100  45  29  12   3   1  30  20   7  82  54  27  15  17   6],1027,-2,1
94,g094,100,[  8   3 100  56  44  24   5  52  48  69  15  14   6  28  11   9],792,-1,3
95,g095,100,[ 58  26   8   3 100  29   1   6  20   7   2  14  10],717,-3,1
96,g096,100,[ 51  15   4 100  61  39  20   5  59  41   9   2  17   7   3   1],743,-2,1
97,g097,100,[ 10   8 100  29   3  23  11   4  20   7   2   1  18  12],559,-3,2
98,g098,100,[ 56  20   7   1 100  52  48  11  51  49   2  54],774,-2,4
99,g099,100,[ 50  32   5  14  11   9   2  47  12   7   4   1 100  35  23  15   6],436,-2,1
100,g100,100,[ 12   7   2  38  10   3   1 100  45  42   4  15],370,-2,1
101,g101,100,[ 23   9   6 100  57   7   2  47   8  52  10   3  35  13  12  25],725,-1,2
102,g102,100,[ 35  13   8 100  53  47  57  16  10  55  45  33   1   5],812,-3,1
103,g103,100,[ 42  25   6 100  57   7   2  76  24  18   1  51   9  65  31  17   3],918,-2,1
104,g104,100,[ 41  17   3   1 100  63  37  39  15  51  48  22],887,-3,2
105,g105,100,[ 51  32   5 100  57   7   3  21  52  10  68  50],843,-3,4
106,g106,100,"[ 32  23  18   8 100  51  49  37  35  14   3  55  45   5   2  33   9  20
   6   4]",926,-2,1
107,g107,100,[ 19 100  57   7  15   6   5  52  10  51  13  12  16   1],680,-2,1
108,g108,100,[ 48  15  13 100  51  49   6   1  55  45   5   3   2  72  30   9  25],863,-1,2
109,g109,49,[49 20 10 16 11  5  4  2  9  1  6  8  3 26],228,-1,1
110,g110,100,[ 69  35   9  12   8   3   2   4   6   1 100  53],335,-3,1
111,g111,100,[ 59  21   6   2   4   3   9   1   5 100  52  48  15],448,-2,1
112,g112,100,[  7   5 100  21   4   1   8   3  19  11   2  15],552,-3,2
113,g113,100,[  6   5 100  50  42  12   9   8  52  48  43  33  25   7  19],914,-3,3
114,g114,100,[  6   4 100  21   1  48  15  13  19   5   3  54  12   8   2],858,-2,1
115,g115,100,[  6   2 100  52  48  68  28  11   1  51  49   3  13   4],741,-2,1
116,g116,100,[ 16 100  21   4  41   5  18   7   6   1  25  12],672,-1,2
117,g117,100,[ 26  13   6 100  53  47  18   4  99  50  49   2   1   8],683,-3,1
118,g118,100,[ 46  20  13   6   3 100  21   4   2  30  29  14  18   8   1  19   7],709,-2,1
119,g119,100,[ 37  30  19  11 100  55  45  20  10   2  99  53  46  36  16  13  15],907,-3,2
120,g120,100,[100  37   5   3   7   1  17  10  54  46  23],552,-3,3
121,g121,100,[ 27  11   9   3 100  57   7   2  24   5  52  10  76  35  16],763,-2,1
122,g122,100,[ 51 100  53  47   9   4  50  16   1],812,-2,1
123,g123,100,[ 65  37  11 100  57   7   2  51  24  52  10   5  34   1  25   9   6],809,-1,2
124,g124,100,[ 48 100  52  67  32   9   2   1  50   7  77  36   8],899,-3,1
125,g125,100,[ 58  41   5 100  56   6   2  44  52  10   3   7   1  82  18   9],999,-2,1
126,g126,100,[ 84  46   9   6   4 100  53   1  52  51  49  41  14   7],1081,-3,2
127,g127,100,[ 59 100  57   7  22  51   9   4  99  52  46   1  45  17  30],1016,-3,4
128,g128,100,[ 84  47   8 100  51  49  59   1  99  52   2  68  23  13  16   9],998,-2,1
129,g129,100,[100  33  26  10   5   4   1  19],213,-2,1
130,g130,84,[84  2 12 67 43 14  5  8  1 25  6  4],354,-1,2
131,g131,74,[63  2 11  7  3  1 74 15  6  9],224,-3,1
132,g132,100,[100  36  20  10  23   4   1  86   8   5   2  18   6  41  25  17  19   9],544,-2,1
133,g133,100,[ 15  11   3   2   1  24   4  77 100  50  47  10   8   5   9],469,-3,2
134,g134,68,[68 43 33 25 17  6  2 65 15 11  5  3  7 13],354,-3,4
135,g135,100,[ 76  43  14  21   4   3  79   6  15 100   9   8],403,-2,1
136,g136,100,[100  22   8  30   5   2  78  18   3  53  52   1   4],505,-2,1
137,g137,100,[100  49  18   6  11   3  47   9   1   5  26  12  25   7],637,-1,2
138,g138,100,[100  56  44  24   1  60  40   4  37  20  18   8],719,-3,1
139,g139,100,[100  47  13   7  19  53   8   1  14   6   3  34   2  10],638,-2,1
140,g140,100,[100  56  43   1  63  44   3  87  40  12],917,-3,2
141,g141,100,[100  52  14   6  71  17  47  11   3  55  29   4   1  12],906,-3,3
142,g142,100,[100  53  47  74   9   2  54  46  87  41  12  21   8],967,-2,1
143,g143,100,[100  56  18   9  59  52   2  99  50  49  39  10  17   3],1027,-2,1
144,g144,100,[100  51  48   1  52   8   3  25],657,-1,2
145,g145,50,[15  1 50 13  7  3 11  2  6],116,-3,1
146,g146,100,[100  48   3   1  62  10  47   6  28  17  11   2  18],765,-2,1
147,g147,100,[100  99  59  40  64  13  52  48  55  44  34  10   6   2   1   9],1048,-3,2
148,g148,100,[100  47   4   2  13   8   7  51   3   6  49  15  10],632,-3,3
149,g149,100,[100  53  46   1  99  45   2  79  29  11   6  16   7   4],754,-2,1
150,g150,100,[100  52   5   2  50  47   6  26   4   1  17   3],719,-2,1
151,g151,100,[100  57  43  65  15  50  51  49  44   3  25   8   5],1065,-1,2
152,g152,100,[100  54   5   3  66  15  52  17   1   6],659,-1,1
153,g153,100,[100  99  54  43   2  14   6  46   5   4  20],898,0,1
154,g154,100,[  5   3  18   9   4 100  51  10   7   6   1  47  30  27  23  20],622,-3,3
155,g155,100,[100  49  18   3  51  47   9   4   2   1  33  62  38  16  13],760,-2,7
156,g156,100,[100  54  46  64  50  16   8   4  12   9],768,-1,4
157,g157,100,"[100  48  14   2  55  32  13   5  53   8   3  57  17   9   4  47  29  26
  24  21]",1172,-2,3
158,g158,100,[100  54  46  73   5   1  51  49  55  45   4  41  28  12],1081,-1,8
159,g159,100,[100  52  14   3  54   5  47  11   2   1  58  32  26  24  18],1056,-3,4
160,g160,100,[100  50  58   4   3  56  44  53  47  23   9   1  34   8   7],1078,-2,3
161,g161,100,[100  57  19   2  69  10   6  52   9   4   3  25  50],1048,-3,4
162,g162,100,[100  56  44  17  13  58  42  10   2   1  23   6  37  28  14   8],778,-2,3
163,g163,100,[ 15   7   4 100  41   9  13   2  23  14],345,-1,5
164,g164,100,[100  47   7   3  42   4  51  50   1  26  10   2  25],1147,-3,5
165,g165,100,[100  99  50  48   1  45  42  24  15   3  51  49  10  34   6  33  23   7],966,-3,9
166,g166,100,[100  48   4   1   7  52  55  45  31   2  47  28  25  22],1203,-3,3
167,g167,100,[100  53  47  29   4   2  99  51  48   9  76  38  10  33  20   6   5],845,-3,11
168,g168,100,[100  52   6   4  28   5  47   2   1  81  63  21   3  14],765,-2,2
169,g169,100,[100  57  43  24   9   8  52  48  54   5   1  88   7  29  28  22  21],1139,-3,5
170,g170,100,[100  57   5   3  41   1  52   4   2  83  46  34  12  11],788,-2,1
171,g171,100,[100  59  41  46   5  64   8  65  21  15  47  27  26  24  23],1179,-4,3
172,g172,81,[50 15  9 65  4  2 81 17 34 25 16  5],327,-3,6
173,g173,64,[57 13  3 64  8  1 10  7  5  2  6],176,-2,3
174,g174,100,[100  39  13  11   8  64   2   3   1  50  25],593,-3,4
175,g175,65,[41 38 21 14  3 65  1  5 16 12  4],228,-2,6
176,g176,63,[20  2 63  5  1  3 10],139,-1,4
177,g177,100,[ 19   8   6  63   4   1 100   9   2],340,0,1
178,g178,100,[ 48  64   6   5   1   4 100  51  28  26  25  21],480,-3,3
179,g179,65,[35  3 65  6  4  2 22 49 37 15 12 10],264,-2,9
180,g180,100,[ 49  18  14  13  66   2  24   6   4 100  50  31  27  23  19],563,-3,4
181,g181,52,[52 18  3 20  1 32 15  6  4  2 42 31  8],277,-2,6
182,g182,100,[100  38  11  10   8   2  53  28  26  25  21],524,-1,6
183,g183,54,[41 54],95,-3,1
184,g184,100,[ 49  28   1 100  59  31  23  18],488,-2,10
185,g185,41,[41 17  2  3 13  4  1],81,-1,3
186,g186,100,[  9   1  17   2  18 100  50  32  28  22],397,-4,4
187,g187,33,[25  2  1 18  9 33 28 12  7],146,-3,10
188,g188,100,[ 31   4   3  17   1  15   5 100  54  27  19],437,-3,10
189,g189,31,[31  4 17  2],89,-2,2
190,g190,100,[ 21   9   7   2   5   1 100  47  31  24  23  22],393,-3,3
191,g191,36,[ 1  9  3 36 27 14  4],107,-3,6
192,g192,50,[50  1 17 29 12  9],137,-2,4
193,g193,100,[ 57  15  11   6   2 100  54  30  24  22],451,-4,3
194,g194,61,[61 11  1 33 25  8  6],160,-3,10
195,g195,100,[100  30  11  10   5  17   1  20],211,-2,2
196,g196,60,[47  1 22  9 60],186,-4,2
197,g197,100,[ 45  24  16   5   3   1  33  10 100  28],268,-3,2
198,g198,34,[ 7 17  1 30 11  9 34 21  6  4],151,-2,12
199,g199,65,[28 10  3 65  8  7 21  2],152,-1,3
200,g200,100,[ 27   7  17   6   3   1 100   4],213,0,1
201,g201,41,[27 14  4 41 24 10  8  1],222,-1,1
202,g202,58,[58 29  4  3  2  1 16],133,-1,2
203,g203,100,[ 47  13  10 100  36   3  20   1   4],434,0,1
204,g204,100,[ 58  16  15   5   3  82  61  23  22  33  10 100  19   9   2],617,0,1
205,g205,100,[100  37  16  11  10  82   2  54  13  12  73  27  19],585,-2,1
206,g206,100,[ 82  39  37   2  81  17  10 100  71  28  23  20],510,-2,1
207,g207,100,[100  45  10   5   2  72  26  23],406,-1,1
208,g208,100,[ 82   2   1   8   4   3 100  74  31  28  15],352,-3,4
209,g209,100,[ 82  44  42   2  39  16  12 100  75  27  21],487,-3,3
210,g210,100,[100  38  18  51  14   8   5   4  55],293,-3,2
211,g211,82,[82 24  4  1 59 23  9],203,-2,1
212,g212,82,[82  3  1  2 56 25 15],185,-2,1
213,g213,82,[82 37 36  1 19  6  2 66 23 14],352,-2,1
214,g214,100,[100  46   6  23   1  63  25  10],344,-2,1
215,g215,100,[ 82   3   1  34  11   6 100  26  15],312,-1,1
216,g216,100,[ 82  43  38   1  24   8 100  77  29  26  22],533,0,2
217,g217,100,[100  44   8  21   7  75  28  26],459,-3,1
218,g218,100,[ 82   2  61  12   9 100  67  27  23  17],402,-3,1
219,g219,100,[ 82  42  40   2  38  13  12 100  71  25  21],509,-2,1
220,g220,100,[100  40  15  35  10   1  79  30  26  23],459,-4,3
221,g221,100,[100   1  65  25   5  76  29  22],613,-4,3
222,g222,100,[100  47  10  80  15  48],380,-4,2
223,g223,100,[100  62  37   1   3  72  27  24  21],548,-4,3
224,g224,100,[100  44  15   6   2   1  52],221,-4,2
225,g225,100,[100  68  37  25   6  26   4   2  63  10],366,-3,1
226,g226,100,[100   2  34  15   6   4  64  25  11],263,-3,1
227,g227,54,[54 18  4  1 52],183,-4,2
228,g228,64,[40  6  4  2  1 64 25 15],158,-3,1
229,g229,72,[72 12 10 15  4  2 59 25 14],213,-3,1
230,g230,100,[100  24  13   7  36  22   9],411,-2,1
231,g231,100,[100  32  30   2  20   4  73  31  23  19],436,-1,2
232,g232,100,[100  44   7  27  11   2],291,0,1
233,g233,100,[100  72  39  29   4   1  37   3   2],287,-1,2
234,g234,82,[82  2  1 38],127,-3,5
235,g235,82,[82 80 42 38 20  7  2],347,-4,3
236,g236,82,[82 66 24 21 11  2 25],276,-3,2
237,g237,100,[100  37  11  30   8   5  66  17],282,-2,1
238,g238,36,[33 10 36 27 14  8  5],143,-3,6
239,g239,62,[62  6  5 21  3],118,-3,6
240,g240,63,[ 6  1 63 21 11  3],168,-2,1
241,g241,81,[ 6  2  1 81 14],186,-2,1
242,g242,43,[32 11  6 43  8],100,-3,2
243,g243,68,[36 10  5  3 68],135,-2,1
244,g244,98,[34 13 10 98 17 14  8],194,-1,2
245,g245,33,[33 15  1 27 11  8],136,-3,12
246,g246,62,[62 22 11  5  3],103,-3,2
247,g247,21,[21 14  3],73,-3,3
248,g248,34,[34  8  4  1 14  2],112,-2,1
249,g249,100,[100   8  34  24   9   7],190,-3,7
250,g250,92,[92  7 25  5],129,-3,4
251,g251,31,[31  1 15  3],50,-2,1
252,g252,56,[56  4  1 29],91,-5,5
253,g253,60,[60  1 13  6  2],143,-4,1
254,g254,65,[65 36  8  4 29  1],172,-4,1
255,g255,67,[67 11  4  1 26  3],138,-4,2
256,g256,31,[31 16  4],98,-3,1
257,g257,61,[61  1 31],154,-2,1
258,g258,34,[30 34  3  1],98,-1,6
259,g259,100,[  2 100  38  35],175,0,1
260,g260,100,[ 94  26   2 100],222,-2,5
261,g261,96,[96 35 28 54],213,-2,3
262,g262,100,[100  39  37   7  28   8],247,-3,5
263,g263,34,[34  9  8  6],74,-2,1
264,g264,57,[57 24 12  4 47  6],197,-2,3
265,g265,94,[74  4 94 85 36  7],300,-1,2
266,g266,79,[79  3],85,-3,1
267,g267,79,[79 48 31 20 12  8  2],279,-2,1
268,g268,19,[ 8 19  2],48,-3,4
269,g269,80,[80 66 22  3  1],252,-2,1
270,g270,95,[95 72 51 15 33],266,-3,3
271,g271,41,[41 19  3],63,-3,3
272,g272,78,[78 10 22 12  3  1],148,-2,1
273,g273,78,[78  2 26  8  4],118,-4,2
274,g274,78,[78 37 36  1 26  3],181,-3,1
275,g275,91,[91 28 18 36  7  4],275,-2,1
276,g276,100,[100  20  43  21  18  17],262,-1,5
277,g277,100,[ 26 100  86   3],215,0,1
278,g278,100,[ 62  47 100  38  35],344,0,1
279,g279,100,[100  86   3],189,0,1
280,g280,99,[99],99,-2,21
281,g281,33,[ 1 33],34,-2,4
282,g282,33,[ 1 33 21  9  8  4],76,-2,2
283,g283,73,[29 18 11 10  1 73 19  4],194,-1,1
284,g284,72,[62  6 72 33 10],317,-1,1
285,g285,99,[54 10 99 33],250,-1,20
286,g286,100,[ 78  41  20   9 100  26  25  12],311,0,5
287,g287,99,[46 18  7  4 99 21],195,-1,7
288,g288,98,[46 98],144,-2,13
289,g289,84,[84  2 33 12],217,-3,1
290,g290,81,[81  5 33 17 13  3  1],153,-2,2
291,g291,100,[100  28   3  77  26],234,-1,1
292,g292,74,[46 18  5 74 32  9],258,-1,1
293,g293,100,[ 79  36 100  29  16  12],272,0,5
294,g294,73,[73 33],106,-3,5
295,g295,62,[62 48 19 15 14 33 26 13  7  6],243,-2,2
296,g296,81,[81  9 78 25],193,-1,1
297,g297,72,[32 14  1 72  9],232,-1,1
298,g298,100,[ 21   2 100  32  19  13],187,0,5
299,g299,44,[37 14  5 44 24  1],125,-1,4
300,g300,33,[10  4  1 33],48,-3,2
301,g301,25,[10 25],35,-3,2
302,g302,40,[ 9  4 40 26 20],108,-3,2
303,g303,40,[10  6  2  1 40 35 15 14],129,-2,1
304,g304,40,[ 3  2 40],45,-1,1
305,g305,22,[ 3 22],28,-3,2
306,g306,61,[10  4 61 34 17],191,-2,2
307,g307,60,[ 6  5  1 60 31 24  4  3],134,-1,1
308,g308,100,[  4   1 100  47  33  27  20],352,0,4
309,g309,89,[10  6  4  2 89],111,-2,2
310,g310,78,[10  3  1 78 22],114,-1,10
311,g311,81,[ 5  2 81 15],184,-1,10
312,g312,93,[ 9  4  1 93 19],219,-2,10
313,g313,96,[ 3 96 26],128,-2,10
314,g314,81,[10  3  2 81 17 14 11],138,-1,1
315,g315,100,[  7   1 100  44  11   8],182,0,1
316,g316,12,[ 8  5  1 12  4  3],46,-4,2
317,g317,21,[21  9  6  3],72,-5,3
318,g318,16,[ 2  1 16],21,-4,3
319,g319,14,[ 2  1 14],17,-5,1
320,g320,19,[ 1 19],20,-4,3
321,g321,16,[ 3  2 16],23,-5,1
322,g322,15,[ 4  3 15  1],23,-5,1
323,g323,32,[32 16 14  3],65,-4,3
324,g324,33,[ 8 33 20],61,-3,1
325,g325,33,[ 1 33 20  9  8  3],75,-2,1
326,g326,33,[ 7  3  1 33],51,-1,2
327,g327,73,[10  1 73 31  8],196,-1,1
328,g328,100,[ 16  10   2 100  24  12],192,0,5
329,g329,33,[ 3  2  1 33 17 15  9],80,-3,1
330,g330,33,[11  7  1 33 22 12  3],97,-2,2
331,g331,81,[20 10  2 81 21],136,-1,1
332,g332,71,[15  8 71 36 13],214,-1,1
333,g333,100,[ 20   7   2 100  28  19  12],190,0,5
334,g334,31,[31  4 14  3],56,-4,1
335,g335,29,[25 29  9  4],67,-4,2
336,g336,33,[30  6  2 33],77,-3,1
337,g337,83,[83 40 35 33 16  8  6  2],223,-2,2
338,g338,71,[69 71 21],161,-1,1
339,g339,76,[68 46 13  6 76 30  7],322,-1,1
340,g340,100,[ 74  51   9   2 100  25  10   8],279,0,5
341,g341,100,[100  26  88],214,-2,2
342,g342,80,[74  1 80 13],168,-1,10
343,g343,80,[74 73 38 34  1 80 23],403,-1,10
344,g344,98,[62 56 26 24  6 98],396,-2,10
345,g345,98,[57 48 29 19 98 27],278,-2,10
346,g346,85,[ 5  4  3  1 85 20 17 13],148,-1,1
347,g347,100,[ 30   8 100  34  21  20  10],223,0,1
348,g348,23,[23  7 19  8],57,-4,2
349,g349,31,[31 26  3],60,-4,3
350,g350,19,[ 2 19  4  3],47,-5,3
351,g351,19,[ 2 19  3],43,-5,1
352,g352,12,[12  1],25,-6,1
353,g353,30,[ 3  1 30  9  2],45,-5,1
354,g354,34,[ 5  3 34 15 13],70,-4,3
355,g355,34,[ 2 34 17],53,-3,1
356,g356,34,[ 2  1 34 29 13 12  4],95,-2,1
357,g357,34,[ 7  1 34],49,-1,2
358,g358,69,[ 3  2  1 69 38 15],197,-1,1
359,g359,100,[  3 100  23  18  16   6],166,0,5
360,g360,31,[ 5  2 31  8  1],47,-4,1
361,g361,34,[ 5  2  1 34 16  4],64,-3,1
362,g362,34,[ 3  2 34 27 10  9  8],93,-2,2
363,g363,74,[ 8  2 74 23],115,-1,1
364,g364,69,[23  6  2 69 33 10],212,-1,1
365,g365,100,[ 28   8 100  29  17],190,0,5
366,g366,68,[68 22  6  5 21  7],129,-4,1
367,g367,81,[81 50  9  3 32  5],189,-4,3
368,g368,100,[100  21   9  33   1],164,-3,1
369,g369,34,[34  6 33 25 11  9  5],123,-2,2
370,g370,78,[74 17 78 27],196,-1,1
371,g371,74,[74 71 36 13],265,-1,1
372,g372,100,[ 64  33  30   2   1 100  25  16   9],280,0,5
373,g373,48,[48 33 10  6],97,-3,1
374,g374,75,[75  3 33 20  9  7  4],151,-2,2
375,g375,76,[75 74 39 32  3 76 21],320,-1,1
376,g376,67,[30  6  4  1 67 34 11],250,-1,1
377,g377,100,[ 31   3 100  20   9],194,0,5
378,g378,100,[ 29  22   6   1 100  69  27  20],325,-2,1
379,g379,100,[ 63 100  80  29  22],323,-2,1
380,g380,100,[ 44  40   2 100  69  27  22  20],368,-1,1
381,g381,100,[ 66  23   1 100  80  32  28  20],350,-3,3
382,g382,52,[ 5 52],62,-3,2
383,g383,100,[ 46  23  21 100  86  41  27  18],362,-3,4
384,g384,100,[ 57  13  12   6 100  42  33  25  21],430,-4,1
385,g385,100,[ 54 100  78  30  24],310,-3,3
386,g386,64,[59  9  7 64 18],166,-2,1
387,g387,60,[60 11 10  4 51 25],223,-2,1
388,g388,59,[59 48],107,-3,2
389,g389,65,[65 21 16  2  1 56 18  9],244,-2,1
390,g390,63,[63  2 58 25 14],162,-2,1
391,g391,100,[ 63  62  40  22 100  44  36  15],482,-1,1
392,g392,100,[ 63  61   1 100  72  29  24  19],433,0,2
393,g393,100,[  8   2 100  77  30  27  20],264,-2,1
394,g394,100,[  6   1 100  76  27  26  23],265,-2,1
395,g395,100,[ 24   6   5 100  72  32  25  15],284,-1,1
396,g396,100,[ 91  40   3 100  71  27  22],376,-3,3
397,g397,100,[100  61  17   5   2  42  31  27  23  19],527,-4,1
398,g398,100,[ 51 100  69  26  23  20],289,-3,3
399,g399,68,[68  2 44],114,-3,2
400,g400,100,[ 68  37  30   1 100  76  31  26  19],456,-3,3
401,g401,60,[60 18 12  1 42],193,-3,2
402,g402,66,[66  2 58 27 14],167,-2,1
403,g403,68,[66 39 26  1 68 10],302,-2,1
404,g404,56,[50 32 31  1 56],170,-3,2
405,g405,64,[31 27 64 13],162,-2,1
406,g406,69,[58 45  7  4 69 26 16],225,-2,1
407,g407,100,[ 60   2 100  36  21  16],235,-1,1
408,g408,100,[ 60  56  30  18   8 100  80  33  27  20],432,0,2
409,g409,60,[60 50 28 22  8],168,-4,2
410,g410,62,[62 57 28 23  6 33 20],229,-3,4
411,g411,62,[62 36 24 10  2 21  3  1],159,-6,1
412,g412,62,[62 14 31  7  6  3],185,-5,3
413,g413,62,[62 56 35 18  3 13 11  6  2],209,-4,1
414,g414,62,[62 50 29 18  3 13],175,-3,1
415,g415,20,[ 5 20  8],33,-4,2
416,g416,20,[ 3  1 20 18  8  2],60,-3,1
417,g417,59,[59 37  1 33 24 16  8  5  4],221,-2,1
418,g418,33,[16  5 33],54,-1,2
419,g419,4,[4 2 3],11,-1,1
420,g420,13,[ 4 13  2],23,-5,2
421,g421,13,[13 11  4  3],35,-4,1
422,g422,13,[ 4 13],17,-3,1
423,g423,20,[ 5  1 20 13 10  2],51,-4,2
424,g424,20,[ 4  1 20 12  8  3],49,-3,1
425,g425,33,[ 8 33 18 11  9  7  6],133,-2,2
426,g426,13,[ 2  1 13  8  4  3],33,-3,1
427,g427,20,[ 2 20  3],25,-5,2
428,g428,20,[ 3  1 20 15  7  6  2],54,-4,1
429,g429,20,[ 5  3 20],28,-3,1
430,g430,33,[ 2  1 33 13  7  6],115,-2,2
431,g431,33,[ 6  1 33],46,-3,2
432,g432,33,[21  7  4 33 27 13],119,-2,2
433,g433,13,[13],13,-1,1
434,g434,100,[ 19   6 100   3],137,0,1
435,g435,33,[22 13 33],68,-1,2
436,g436,70,[70 27  6  3  1],113,-1,1
437,g437,72,[72  1 29 12],115,-5,3
438,g438,98,[98 15 12 16  7  4],171,-4,1
439,g439,100,[100   2  16],118,-3,1
440,g440,100,[100  18   4],140,-4,2
441,g441,17,[ 5 17  9  6  2  1],45,-3,1
442,g442,46,[46 25  1 33 18 11 10  7  5],189,-2,2
443,g443,17,[17  3 16 11  6  2],75,-3,1
444,g444,18,[ 3 18  2],26,-5,2
445,g445,17,[ 3  1 17  9  4],39,-4,1
446,g446,17,[ 4  1 17],23,-3,1
447,g447,33,[ 5  2 33 17  9  8],123,-2,2
448,g448,33,[ 3  2 33 26  9  8],90,-2,2
449,g449,6,[6 3 1],10,-1,1
450,g450,100,[  4   2   1 100   7],116,0,1
451,g451,48,[ 4 48],52,-4,2
452,g452,46,[ 4  1 46 14],69,-3,1
453,g453,46,[ 5  1 46],52,-2,10
454,g454,43,[ 5  1 43],55,-3,1
455,g455,43,[ 4  1 43],48,-2,10
456,g456,52,[ 7  1 52 13],125,-3,10
457,g457,52,[10  4 52 14],132,-3,10
458,g458,45,[45 14  7],73,-2,1
459,g459,53,[53 18  8  6  3],88,-1,1
460,g460,100,[ 11   7 100  21],239,0,1
461,g461,49,[22  9  6 49],86,-4,11
462,g462,66,[66 42 14  8  3 46 10],189,-3,1
463,g463,69,[69  3 46],187,-2,10
464,g464,100,[100  45  17  15   1  44  12],234,-3,1
465,g465,44,[ 5  3  1 44],55,-2,10
466,g466,34,[18  8 34 10  3],73,-3,1
467,g467,35,[ 4  2 35 10  7],58,-3,1
468,g468,41,[ 4 41  6],92,-2,1
469,g469,53,[ 4  1 53 19 11  7  6],101,-1,1
470,g470,100,[  5   1 100  25],231,0,1
471,g471,83,[83 29 18  8],138,-1,1
472,g472,100,[  4   1 100  27  20  12   7],171,0,1
473,g473,85,[ 6 85 27 18  7],149,-1,1
474,g474,100,[  4   1 100  27  16  15   8],172,0,1
475,g475,80,[ 4 80 19 12 11],126,-1,1
476,g476,100,[  5   1 100  42  13  11],184,0,1
477,g477,77,[ 4  2 77 15 14  9],121,-1,1
478,g478,100,[  4 100  39  14  13],183,0,1
479,g479,83,[ 6  1 83 25 17 15],154,-1,1
480,g480,100,[ 10   4 100  32  20   9   6],181,0,1
481,g481,85,[21  8  6 85 23 18 10],171,-1,1
482,g482,100,[ 22  11   2 100  27  23   8   7],200,0,1
483,g483,83,[71 43 12 10  2 83 17 13  9],260,-1,1
484,g484,100,[ 98  55  24  13 100  28  18  11   4],351,0,1
485,g485,100,[100  40  13  79  12  11],268,-1,1
486,g486,100,[ 62  24   6   2 100  34  17   8   7],260,0,1
487,g487,44,[44 43  9  6  5],107,-2,1
488,g488,53,[22 18 16 53 19  9  6  3],168,-1,1
489,g489,100,[ 20  15   5 100],280,0,1
490,g490,41,[25  4 41 13  8],99,-2,1
491,g491,53,[51 26 24 53 19  8  5  4],190,-1,1
492,g492,100,[ 26   3 100  21],253,0,1
493,g493,43,[33  9  4 43 11  6],112,-2,1
494,g494,53,[42  7  2 53 20  5  4],137,-1,1
495,g495,100,[ 62  20 100  17],361,0,1
496,g496,62,[62 38 30  7  1 42 10  5],200,-2,1
497,g497,53,[ 4  2 53 19  6  5],97,-1,1
498,g498,100,[ 29  19  18 100  21],287,0,1
499,g499,48,[48 22 21 35 12  5],143,-3,1
500,g500,38,[23  7  6 38 12],116,-3,1
501,g501,42,[38 10  5 42  4],141,-2,1
502,g502,53,[ 1 53 14 12  3],100,-1,1
503,g503,100,[  2   1 100  21],224,0,1
504,g504,37,[ 2 37 10],53,-3,1
505,g505,36,[ 3  1 36 10  8],58,-3,1
506,g506,43,[ 5 43  7],98,-2,1
507,g507,53,[ 5  2  1 53 19 11  9  6],107,-1,1
508,g508,100,[ 20 100  23],243,0,1
509,g509,36,[ 3 36 12  5],56,-3,1
510,g510,39,[ 3 39 12  7],61,-3,1
511,g511,43,[ 3  2 43  4],97,-2,1
512,g512,53,[ 5  2 53 17 11  7  6],101,-1,1
513,g513,100,[  4   1 100  22],227,0,1
514,g514,35,[ 4  1 35 12  3],56,-3,1
515,g515,34,[ 8  3  1 34 12  9],68,-3,1
516,g516,40,[ 3 40  6],92,-2,1
517,g517,53,[ 3  1 53 17 11  7  6],98,-1,1
518,g518,100,[  4   2 100  18],224,0,1
519,g519,29,[ 4  2 29],35,-2,2
520,g520,23,[ 2  1 23],26,-2,2
521,g521,42,[ 6  4  2 42 13  5],114,-1,1
522,g522,100,[ 10   3   1 100  70  26  25  19],254,-1,2
523,g523,64,[64 26  6  5 43 11  4],164,-2,1
524,g524,76,[76 44  6 41],167,-2,2
525,g525,99,[99 20 10 47 16  8],200,-2,1
526,g526,100,[100  43  18  42  14   4],221,-2,1
527,g527,73,[73  3 64 22  9],171,-1,1
528,g528,100,[ 39  38  19 100  30  15  11],271,0,1
529,g529,100,[  7 100  74  29  27  18],255,0,1
530,g530,58,[12 10  9 58],101,-2,3
531,g531,79,[11 79 34],135,-1,1
532,g532,100,[ 17   5 100  20  19  14   8],183,0,5
533,g533,76,[18  1 76 19],114,-1,1
534,g534,74,[34 25 22  2  1 74 35 12],279,-1,1
535,g535,100,[100  22  12   8],142,0,5
536,g536,80,[41 34 80 21],176,-1,1
537,g537,71,[17  2  1 71 37 14],215,-1,1
538,g538,100,[ 44  10   2 100  25  17],208,0,5
539,g539,82,[44 10 82 27],163,-1,1
540,g540,74,[61 10  7  3 74 36 13],278,-1,1
541,g541,100,[ 57 100  26  17  13],270,0,5
542,g542,4,[4 3 1],21,-2,1
543,g543,58,[58 20  4 17 16  9],128,-1,1
544,g544,100,[  3 100  47  20  17],193,0,1
545,g545,68,[ 3 68 41 18],198,-1,1
546,g546,100,[  4   1 100  15  12  11],154,0,5
547,g547,81,[ 4  2 81 19],106,-1,1
548,g548,72,[ 1 72 37 14],196,-1,1
549,g549,100,[  5   1 100  25  17  11],159,0,5
550,g550,79,[79 21],100,-1,1
551,g551,72,[72 38 15],197,-1,1
552,g552,100,[  1 100  21  14   8],144,0,5
553,g553,72,[ 5  1 72 21],100,-1,1
554,g554,67,[ 2  1 67 30  7],174,-1,1
555,g555,100,[  3 100  35  20   9],167,0,5
556,g556,82,[ 1 82 21 15 13],132,-1,1
557,g557,100,[  1 100  32  19  13   6],172,0,1
558,g558,87,[ 1 87 28 14  6],136,-1,1
559,g559,100,[  4   2 100  28  18  15   6],173,0,1
560,g560,78,[ 1 78 21 16  7],123,-1,1
561,g561,100,[  2   1 100  33  13  12],173,0,1
562,g562,81,[ 1 81 18 13 10],123,-1,1
563,g563,100,[  7   3 100  38  15  14  11],188,0,1
564,g564,75,[ 8  3 75 21 13 11],131,-1,1
565,g565,100,[100  45  13  10],178,0,1
566,g566,88,[88 23 15 11],137,-1,1
567,g567,100,[  2   1 100  26  21  18],172,0,1
568,g568,88,[ 2 88 23 16 12],143,-1,1
569,g569,100,[100  27  22  21   3],173,0,1
570,g570,84,[ 5  2 84 30 13 10],149,-1,1
571,g571,100,[ 10   4   3 100  28  18],184,0,1
572,g572,65,[65 30  6  4  1 46 12  8  5],177,-2,1
573,g573,80,[80 45  8 53 21  5  4  3],219,-1,1
574,g574,100,[100  39  19   7   4  25],394,0,1
575,g575,100,[100  46  13   9   4],172,-2,1
576,g576,53,[ 4 53 16  9  8  6],96,-1,1
577,g577,100,[ 55  29  22 100  24],385,0,1
578,g578,57,[57 20 42 12  9  4],144,-2,1
579,g579,57,[57 32 23  7  2 53 19  9  6],215,-1,1
580,g580,100,[  4 100  23],231,0,1
581,g581,47,[ 4  2 47 17 10  7],87,-2,1
582,g582,53,[ 5  1 53 15  6  4  3],88,-1,1
583,g583,100,[  5   1 100  20],227,0,1
584,g584,41,[ 4 41 11  3],63,-3,1
585,g585,41,[ 4  3  1 41 11  8],75,-3,1
586,g586,47,[ 6  2  1 47],109,-2,1
587,g587,53,[ 4 53 13 12  6  1],93,-1,1
588,g588,100,[  4   1 100  26],232,0,1
589,g589,39,[ 3 39 14  4],60,-3,1
590,g590,38,[ 4  1 38 14 10],67,-3,1
591,g591,43,[ 3  1 43  5],95,-2,1
592,g592,53,[ 5  2 53 13 11  8  4],96,-1,1
593,g593,100,[ 10   4   2 100  23],239,0,1
594,g594,59,[59 27  7  3 36 12  4],151,-3,1
595,g595,72,[72 41  5 37 12  8],175,-3,1
596,g596,99,[99 18 11 42  5],217,-2,1
597,g597,100,[100   1  53  16  11   9   5],295,-1,1
598,g598,100,[100  20],320,0,1
599,g599,31,[24  7  4  1 31 10  6],83,-3,1
600,g600,56,[56 25 19 11 38 10  4],163,-3,1
601,g601,100,[100   1  41   3],286,-2,1
602,g602,53,[21  1 53 18 10  5],113,-1,1
603,g603,100,[ 17   4 100  18],239,0,1
604,g604,100,[100  58  50  11  26],245,-4,4
605,g605,100,[100  81  38  23  20  31  12   6],342,-12,2
606,g606,100,[100  65  25  20  16  14   6   2],274,-11,1
607,g607,100,[100  73  48  13  12  16   7   5   1],288,-10,1
608,g608,93,[93 56 22  4 16  6],223,-9,1
609,g609,86,[86 56 22 16 12  6  4  2],290,-8,1
610,g610,23,[23 16 11  5  3],61,-7,1
611,g611,100,[100  41  12  16   4],193,-6,1
612,g612,100,[100  81  35  25  21  16   9   5   3   1],296,-5,2
613,g613,65,[65  6 13],180,-4,1
614,g614,44,[44 22 10  3],79,-4,1
615,g615,87,[87 65 31 18 16],217,-12,2
616,g616,84,[84 52 48 40],308,-12,2
617,g617,67,[67 12  6  9],103,-11,1
618,g618,58,[58 12 17  8],107,-10,1
619,g619,100,[100  33   7  17   4],161,-11,1
620,g620,100,[100  90  43  32  15  17   9],306,-11,1
621,g621,100,[100  85  45  29  11  17   7   4   2   1],301,-10,1
622,g622,100,[100  85  45  29  11  17  16   9   4   3],319,-9,1
623,g623,100,[100  89  46  29  14  17   9   5   4],313,-8,1
624,g624,17,[17 14  8  4  2],45,-7,1
625,g625,17,[17  9  5  2],35,-6,1
626,g626,17,[17 14  6  4],45,-5,1
627,g627,17,[17 11  5  4  2],39,-4,1
628,g628,33,[33 10  7  4],54,-3,1
629,g629,33,[33],33,-7,2
630,g630,18,[18 14 12  2],46,-9,1
631,g631,18,[18  3  2  1],24,-8,1
632,g632,18,[18  9  6  3],36,-7,1
633,g633,18,[18 14  8  4  2],46,-6,1
634,g634,18,[18 10  5  3  2],38,-5,1
635,g635,18,[18 15  7  6  2],48,-4,2
636,g636,10,[10],10,-5,2
637,g637,21,[21  5],47,-4,1
638,g638,11,[11],11,-4,1
639,g639,15,[15 14  9  4  1],43,-10,1
640,g640,15,[15 13  9  4],41,-9,1
641,g641,15,[15 13  5  4],41,-8,1
642,g642,15,[15  9  5  2],33,-7,1
643,g643,15,[15 12  7  4  1],39,-6,1
644,g644,15,[15 10  4  3],35,-5,1
645,g645,23,[23 15  3],41,-4,1
646,g646,33,[33 10  4  2],49,-3,1
647,g647,33,[33 23 10  7  6],79,-2,2
648,g648,56,[56  9],65,-1,1
649,g649,22,[22 14  7  5  2],50,-4,1
650,g650,22,[22 13  5  3],48,-4,1
651,g651,22,[22 18  8  7  3],58,-3,1
652,g652,15,[15],15,-5,2
653,g653,7,[7 5],19,-8,1
654,g654,17,[17  7  4  1],29,-7,1
655,g655,14,[14  7  5],40,-7,1
656,g656,13,[13  7  2],22,-7,1
657,g657,22,[22  9  6],37,-6,1
658,g658,7,[7 3],17,-8,1
659,g659,18,[18  8  4  3],33,-7,1
660,g660,15,[15  7  5],42,-7,1
661,g661,13,[13  7  2],22,-7,1
662,g662,22,[22  9  6],37,-6,1
663,g663,22,[22 15  8  4  3],52,-5,4
664,g664,22,[22  9  7  6  3],72,-6,1
665,g665,3,[3 2],8,-8,1
666,g666,12,[12  7  3  1],23,-7,1
667,g667,15,[15  9  6],45,-7,1
668,g668,13,[13  9  3],25,-7,1
669,g669,22,[22  9  3],34,-6,1
670,g670,22,[22 13  6  4  3],48,-5,3
671,g671,16,[16 10  7],49,-4,1
672,g672,13,[13  3  2],18,-4,1
673,g673,15,[15],15,-5,2
674,g674,17,[17  3  1],38,-4,1
675,g675,15,[15 10  3],28,-4,1
676,g676,22,[22  5  2],34,-3,1
677,g677,22,[22 18  7  6  5],58,-2,2
678,g678,46,[46  7],53,-1,1
679,g679,70,[70 20 11],101,-1,1
680,g680,100,[100  30  20],150,0,1
681,g681,19,[19],19,-4,3
682,g682,23,[23  1],47,-13,2
683,g683,9,[9 2],22,-12,1
684,g684,9,[9 8 6 1],25,-11,1
685,g685,9,[9 3 1],15,-10,1
686,g686,9,[9 8 5 2 1],25,-9,1
687,g687,9,[9 5 2 1],19,-8,1
688,g688,9,[9 7 5 1],23,-7,1
689,g689,9,[9 8 6 1],25,-6,1
690,g690,9,[9 8 6 1],25,-5,2
691,g691,9,[9 5],23,-4,1
692,g692,18,[18  9  2],29,-4,1
693,g693,11,[11  9  3],23,-11,1
694,g694,24,[24 13],37,-10,1
695,g695,24,[24  1],25,-11,1
696,g696,11,[11  9  4],35,-13,1
697,g697,24,[24  8  7  1],40,-12,1
698,g698,24,[24  5],29,-12,1
699,g699,24,[24 20 12  6  2],64,-11,1
700,g700,24,[24 15  9  4  2],54,-10,1
701,g701,24,[24 18  7  6  5],60,-9,1
702,g702,24,[24 21  9  7  5],66,-8,1
703,g703,24,[24 20 10  6  4],64,-7,1
704,g704,24,[24 20 10  7  3],64,-6,1
705,g705,24,[24 16  9  5  2],56,-5,1
706,g706,24,[24 17  7  6  4],58,-4,1
707,g707,33,[33 13 11  2],59,-3,1
708,g708,20,[20 17 10  6  1],54,-10,1
709,g709,20,[20 12  5  2],44,-9,1
710,g710,20,[20 14  7  6  1],48,-8,1
711,g711,20,[20 14  6  2],48,-7,1
712,g712,20,[20 17  7  5],54,-6,1
713,g713,20,[20 14  6  5  3],48,-5,2
714,g714,17,[17  7],24,-4,1
715,g715,28,[28  9],37,-4,1
716,g716,11,[11],11,-5,1
717,g717,13,[13 10  6  2],33,-10,1
718,g718,13,[13  8  3  2],29,-9,1
719,g719,13,[13 11  5  4  2],35,-8,1
720,g720,13,[13 10  6  2],33,-7,1
721,g721,13,[13 12  7  3  2],37,-6,1
722,g722,13,[13  7  4  2  1],27,-5,1
723,g723,22,[22 17  6],45,-4,1
724,g724,33,[33 11],44,-3,1
725,g725,33,[33 23 12  6  5],79,-2,2
726,g726,54,[54 11],65,-1,1
727,g727,5,[5],10,-7,1
728,g728,15,[15 10  4],29,-6,1
729,g729,16,[16  8  2],42,-6,1
730,g730,17,[17  8  2],27,-6,1
731,g731,22,[22  5  2],29,-5,1
732,g732,7,[7],14,-7,1
733,g733,15,[15  8  3  2],28,-6,1
734,g734,15,[15  5],35,-6,1
735,g735,16,[16  5  1],22,-6,1
736,g736,22,[22  6  3],31,-5,1
737,g737,22,[22 17  8  5  4],56,-4,1
738,g738,7,[7 1],15,-7,1
739,g739,16,[16  6  3  1],26,-6,1
740,g740,14,[14  6  3],37,-6,1
741,g741,16,[16  6],22,-6,1
742,g742,22,[22  6  4],32,-5,1
743,g743,22,[22 16  7  5  4],54,-4,1
744,g744,22,[22 17  9  4],56,-3,1
745,g745,7,[7 5],19,-8,1
746,g746,17,[17  8  5],30,-7,1
747,g747,13,[13  7  3],36,-7,1
748,g748,16,[16  7  4],27,-7,1
749,g749,22,[22  6  5],33,-6,1
750,g750,9,[9 4],22,-8,1
751,g751,21,[21  6  4  3],34,-7,1
752,g752,14,[14  9  1],38,-7,1
753,g753,15,[15  9  8],32,-7,1
754,g754,22,[22  7],36,-6,1
755,g755,22,[22 18  8  6  4],58,-5,4
756,g756,11,[11  4],26,-8,1
757,g757,19,[19  5  2],31,-7,1
758,g758,10,[10  7  2],29,-7,1
759,g759,13,[13  7  5],25,-7,1
760,g760,22,[22  9],40,-6,1
761,g761,9,[9],18,-8,1
762,g762,19,[19  6  3  2],30,-7,1
763,g763,14,[14  8],36,-7,1
764,g764,13,[13  8  2],23,-7,1
765,g765,22,[22  9  7],38,-6,1
766,g766,22,[22 14  8  4  2],50,-5,3
767,g767,6,[6 4],16,-7,1
768,g768,16,[16  5  2  1],24,-6,1
769,g769,14,[14  5  3],36,-6,1
770,g770,14,[14  5  2],21,-6,1
771,g771,22,[22  8  5],35,-5,3
772,g772,16,[16],16,-5,2
773,g773,16,[16  6  4],42,-4,1
774,g774,15,[15  6  2],23,-4,1
775,g775,11,[11],11,-5,2
776,g776,14,[14  7  1],36,-4,1
777,g777,16,[16  7  6],29,-4,1
778,g778,22,[22  8  6  3],39,-3,1
779,g779,22,[22 18  9  5  4],58,-2,2
780,g780,45,[45 10],55,-1,1
781,g781,65,[65 17 10],92,-1,1
782,g782,100,[100  35  22],157,0,1
783,g783,28,[28],28,-2,1
784,g784,33,[33 22 15  7  6  5],121,-2,1
785,g785,61,[61 26 20 15 13],209,-1,4
786,g786,23,[23],23,-2,1
787,g787,35,[35 18 12 11  7  5],123,-2,1
788,g788,58,[58 28 19 16 14  9],202,-1,4
789,g789,75,[75 25 14 11],125,-1,1
790,g790,100,[100  43  12  11  10],176,0,1
791,g791,76,[76 27 13 12],128,-1,1
792,g792,100,[100  42  13   4],172,0,1
793,g793,41,[41 11  9  5],66,-2,1
794,g794,53,[53 14 13  9  5],94,-1,1
795,g795,100,[100  24],124,0,1
796,g796,30,[30 15  7],82,-3,1
797,g797,34,[34 15  8],91,-3,1
798,g798,36,[36  2],38,-2,1
799,g799,53,[53 18 10  9  6],96,-1,1
800,g800,100,[100  19],119,0,1
801,g801,100,[100],200,0,1
802,g802,100,[100],200,0,1
803,g803,100,[100],200,0,1
804,g804,100,[100],100,0,1
805,g805,100,[100],100,0,1
806,g806,100,[100],200,0,1
807,g807,100,[100],200,0,1
808,g808,100,[100],200,0,1
809,g809,100,[100],200,0,1
810,g810,100,[100],200,0,1
811,g811,100,[100],100,0,1
812,g812,100,[100],200,0,1
813,g813,100,[100],200,0,1
814,g814,100,[100],200,0,1
815,g815,100,[100],200,0,1
816,g816,100,[100],200,0,1
817,g817,100,[100  31  11],142,0,1
