,logic_gate,max,unique,sum,Deep,Fanouts
0,g0000,100,[100  33],233,0,1
1,g0001,100,[100  58  29   9],296,-1,3
2,g0002,98,[98 21 17],157,-1,1
3,g0003,100,[100   2],102,0,1
4,g0004,100,[100  53  19   7],279,-3,6
5,g0005,93,[93 26 20 16],155,-3,1
6,g0006,100,[100   7],107,-2,2
7,g0007,100,[100  98  65  33],296,-1,2
8,g0008,100,[100  26],126,-1,2
9,g0009,100,[100  82  49  31   2],264,0,1
10,g0010,100,[100  53  26   5],284,-5,8
11,g0011,93,[93 20 17],147,-5,3
12,g0012,100,[100   7],107,-4,3
13,g0013,100,[100  47  40   4   3],194,-3,2
14,g0014,100,[100  22],222,-3,3
15,g0015,100,[100  66  42  14  10],232,-2,2
16,g0016,69,[69],69,-3,1
17,g0017,100,[100  65   2],167,-2,2
18,g0018,100,[100  98  50  46   2],296,-1,2
19,g0019,100,[100  25],125,-1,2
20,g0020,100,[100  87  39  35  13],274,0,1
21,g0021,100,[100  49  24  10],283,-7,8
22,g0022,89,[89 20 18 15],142,-7,3
23,g0023,100,[100  11],111,-6,3
24,g0024,100,[100  48  41   4   3],196,-5,3
25,g0025,100,[100  24],224,-5,3
26,g0026,100,[100  66  44  11],232,-4,2
27,g0027,66,[66  3],69,-5,3
28,g0028,3,[3 1],4,-6,1
29,g0029,35,[35  2],74,-6,1
30,g0030,47,[47 10  1],58,-5,3
31,g0031,100,[100  53],153,-4,2
32,g0032,100,[100  52  39   7   6],204,-3,2
33,g0033,100,[100  25],225,-3,3
34,g0034,100,[100  64  38  16  10],228,-2,2
35,g0035,65,[65 13],78,-3,1
36,g0036,100,[100  50   1],151,-2,2
37,g0037,100,[100  92  44  41   7],284,-1,2
38,g0038,100,[100  26],226,-2,1
39,g0039,100,[100],100,-1,2
40,g0040,100,[100  87  42  36   9],274,0,1
41,g0041,100,[100  51  26  11],288,-9,8
42,g0042,91,[91 19 15 11],136,-9,3
43,g0043,100,[100   9],109,-8,3
44,g0044,100,[100  52  41   7   4],204,-7,3
45,g0045,100,[100  17],217,-7,3
46,g0046,100,[100  67  38  15  14],234,-6,2
47,g0047,66,[66  2],68,-7,3
48,g0048,4,[4 2 1],7,-8,4
49,g0049,36,[36  1],74,-8,4
50,g0050,48,[48 11  2],61,-7,4
51,g0051,100,[100  52],152,-6,2
52,g0052,100,[100  53  39   8   6],206,-5,3
53,g0053,100,[100  27],227,-5,4
54,g0054,100,[100  66  42  13  11],232,-4,2
55,g0055,64,[64  7],71,-5,3
56,g0056,4,[4],8,-7,1
57,g0057,15,[15],15,-8,3
58,g0058,6,[6 2],8,-7,2
59,g0059,4,[4 2],10,-7,2
60,g0060,6,[6 3 1],10,-6,1
61,g0061,32,[32 24  1],57,-7,1
62,g0062,34,[34 24 18],76,-6,1
63,g0063,52,[52 10  4],66,-5,3
64,g0064,100,[100  48],148,-4,2
65,g0065,100,[100  54  38   9   7],208,-3,2
66,g0066,100,[100  16],216,-3,3
67,g0067,100,[100  74  42  19  13],248,-2,2
68,g0068,58,[58  7],65,-3,1
69,g0069,100,[100  41   3],144,-2,2
70,g0070,100,[100  92  52  31   9],284,-1,2
71,g0071,100,[100  26],226,-2,1
72,g0072,100,[100],100,-1,2
73,g0073,100,[100  90  50  28  12],280,0,1
74,g0074,100,[100  53  20  13],286,-11,8
75,g0075,93,[93 24 21 15],153,-11,3
76,g0076,100,[100   7],107,-10,3
77,g0077,100,[100  46  37   5   4],192,-9,3
78,g0078,100,[100  21],221,-9,3
79,g0079,100,[100  70  45  13  12],240,-8,2
80,g0080,67,[67  4],71,-9,3
81,g0081,12,[12  6  3],21,-10,4
82,g0082,42,[42  3],90,-10,4
83,g0083,52,[52 15  3],70,-9,4
84,g0084,100,[100  48],148,-8,2
85,g0085,100,[100  54  35  11   8],208,-7,3
86,g0086,100,[100  19],219,-7,4
87,g0087,100,[100  67  35  19  13],234,-6,2
88,g0088,66,[66  8],74,-7,3
89,g0089,4,[4],8,-9,1
90,g0090,20,[20  3],23,-10,3
91,g0091,9,[9 3],12,-9,2
92,g0092,8,[8 3 1],20,-9,2
93,g0093,10,[10  3  2  1],16,-8,4
94,g0094,33,[33 23  1],57,-9,1
95,g0095,38,[38 23 16  2],79,-8,4
96,g0096,53,[53 11  3],67,-7,4
97,g0097,100,[100  47],147,-6,2
98,g0098,100,[100  61  42  10   9],222,-5,3
99,g0099,100,[100  24],224,-5,4
100,g0100,100,[100  61  37  12],222,-4,2
101,g0101,74,[74 13],87,-5,3
102,g0102,1,[1],1,-7,1
103,g0103,16,[16],16,-8,3
104,g0104,10,[10  6],16,-7,2
105,g0105,9,[9 6 2],26,-7,2
106,g0106,6,[6 1],7,-6,1
107,g0107,25,[25 19  1],45,-7,1
108,g0108,30,[30 19 13],62,-6,1
109,g0109,54,[54 19  1],74,-5,3
110,g0110,100,[100  46],146,-4,2
111,g0111,100,[100  63  35  16  12],226,-3,2
112,g0112,100,[100  22],222,-3,3
113,g0113,100,[100  68  42  15  11],236,-2,2
114,g0114,72,[72  8],80,-3,1
115,g0115,100,[100  52   5],157,-2,2
116,g0116,100,[100  92  45  35  12],284,-1,2
117,g0117,100,[100  18],218,-2,1
118,g0118,100,[100],100,-1,2
119,g0119,100,[100  87  40   7],274,0,1
120,g0120,100,[100  55  23   4],282,-13,8
121,g0121,95,[95 24 20 14],153,-13,3
122,g0122,100,[100   5],105,-12,3
123,g0123,100,[100  46  39   4   3],192,-11,3
124,g0124,100,[100  18],218,-11,3
125,g0125,100,[100  72  44  14],244,-10,2
126,g0126,70,[70  1],71,-11,3
127,g0127,18,[18 13  4],35,-12,4
128,g0128,43,[43  2  1],89,-12,4
129,g0129,45,[45 11  4],60,-11,4
130,g0130,100,[100  54],154,-10,2
131,g0131,100,[100  51  35   9   7],202,-9,3
132,g0132,100,[100  25],225,-9,4
133,g0133,100,[100  70  44  14  12],240,-8,2
134,g0134,67,[67  7],74,-9,3
135,g0135,11,[11],22,-11,1
136,g0136,30,[30  7],37,-12,3
137,g0137,13,[13  5],18,-11,2
138,g0138,14,[14  5  1],34,-11,2
139,g0139,20,[20  9  5  4  1],39,-10,4
140,g0140,36,[36 23  2],61,-11,1
141,g0141,43,[43 23 13  9  2],90,-10,4
142,g0142,54,[54 13  5],72,-9,4
143,g0143,100,[100  46],146,-8,2
144,g0144,100,[100  53  32  11  10],206,-7,3
145,g0145,100,[100  25],225,-7,4
146,g0146,100,[100  71  48  14   9],242,-6,2
147,g0147,61,[61  7],68,-7,3
148,g0148,7,[7 2],11,-9,1
149,g0149,34,[34],34,-10,3
150,g0150,17,[17  8  1],26,-9,2
151,g0151,18,[18  8  1],45,-9,2
152,g0152,17,[17  3  2  1],24,-8,4
153,g0153,39,[39 24  5],68,-9,1
154,g0154,49,[49 24 20  3  1],97,-8,4
155,g0155,61,[61 12  4],77,-7,4
156,g0156,100,[100  39],139,-6,2
157,g0157,100,[100  53  31  15   7],206,-5,3
158,g0158,100,[100  27],227,-5,4
159,g0159,100,[100  67  46  13   8],234,-4,2
160,g0160,68,[68  8],76,-5,3
161,g0161,5,[5],5,-7,1
162,g0162,21,[21],21,-8,3
163,g0163,17,[17  8  1],26,-7,2
164,g0164,14,[14  8  1],37,-7,2
165,g0165,13,[13  4  1],18,-6,1
166,g0166,27,[27 24  3],54,-7,1
167,g0167,35,[35 24 16],75,-6,1
168,g0168,63,[63 15  5],83,-5,3
169,g0169,100,[100  37],137,-4,2
170,g0170,100,[100  64  33  23   8],228,-3,2
171,g0171,100,[100  15],215,-3,3
172,g0172,100,[100  59  36  15   8],218,-2,2
173,g0173,60,[60  6],66,-3,1
174,g0174,100,[100  45   1],146,-2,2
175,g0175,100,[100  93  43  42   8],286,-1,2
176,g0176,100,[100  30],230,-2,1
177,g0177,100,[100],100,-1,2
178,g0178,100,[100  86  41  36   9],272,0,1
179,g0179,100,[100  54  19   3],276,-15,8
180,g0180,94,[94 26 21 18],159,-15,3
181,g0181,100,[100   6],106,-14,3
182,g0182,100,[100  40  35   3   2],180,-13,3
183,g0183,100,[100  21],221,-13,3
184,g0184,100,[100  73  48  14  11],246,-12,2
185,g0185,72,[72  1],73,-13,3
186,g0186,19,[19 13  3],35,-14,4
187,g0187,48,[48  4  3],103,-14,4
188,g0188,46,[46 14  2],62,-13,4
189,g0189,100,[100  54],154,-12,2
190,g0190,100,[100  47  29  12   6],194,-11,3
191,g0191,100,[100  23],223,-11,4
192,g0192,100,[100  73  45  20   8],246,-10,2
193,g0193,70,[70  9],79,-11,3
194,g0194,11,[11  1],23,-13,1
195,g0195,35,[35  6],41,-14,3
196,g0196,15,[15  5  1],21,-13,2
197,g0197,14,[14  5],33,-13,2
198,g0198,24,[24 14  9  5],52,-12,4
199,g0199,40,[40 21  1],62,-13,1
200,g0200,47,[47 21 18 14  3],103,-12,4
201,g0201,50,[50 13  4],67,-11,4
202,g0202,100,[100  49],149,-10,2
203,g0203,100,[100  58  37  11  10],216,-9,3
204,g0204,100,[100  20],220,-9,4
205,g0205,100,[100  65  37  15  13],230,-8,2
206,g0206,71,[71  9],80,-9,3
207,g0207,12,[12  5  3  2],22,-11,1
208,g0208,29,[29],29,-12,3
209,g0209,13,[13  3  2],18,-11,2
210,g0210,14,[14  3  1],32,-11,2
211,g0211,26,[26 13  8  5  1],53,-10,4
212,g0212,36,[36 22  3],61,-11,1
213,g0213,45,[45 22 16 13  3],99,-10,4
214,g0214,52,[52 13  6],71,-9,4
215,g0215,100,[100  47],147,-8,2
216,g0216,100,[100  60  36  14  10],220,-7,3
217,g0217,100,[100  18],218,-7,4
218,g0218,100,[100  68  38  16  14],236,-6,2
219,g0219,67,[67  7],74,-7,3
220,g0220,14,[14  2  1],17,-9,1
221,g0221,31,[31],31,-10,3
222,g0222,13,[13  5  1],19,-9,2
223,g0223,16,[16  5],37,-9,2
224,g0224,24,[24  7  5  4],45,-8,4
225,g0225,31,[31 21  6],58,-9,1
226,g0226,38,[38 21 13  7  2],81,-8,4
227,g0227,53,[53 13  9],75,-7,4
228,g0228,100,[100  47],147,-6,2
229,g0229,100,[100  56  36  12   8],212,-5,3
230,g0230,100,[100  21],221,-5,4
231,g0231,100,[100  66  49  10   7],232,-4,2
232,g0232,59,[59  5],64,-5,3
233,g0233,13,[13  3],16,-7,1
234,g0234,24,[24],24,-8,3
235,g0235,13,[13  5  3],21,-7,2
236,g0236,12,[12  5  1],30,-7,2
237,g0237,17,[17  7  3],27,-6,1
238,g0238,28,[28 23  6],57,-7,1
239,g0239,32,[32 23 16],71,-6,1
240,g0240,64,[64 15 13],92,-5,3
241,g0241,100,[100  36],136,-4,2
242,g0242,100,[100  54  31  13  10],208,-3,2
243,g0243,100,[100  27],227,-3,3
244,g0244,100,[100  70  44  14  12],240,-2,2
245,g0245,59,[59  7],66,-3,1
246,g0246,100,[100  43   3],146,-2,2
247,g0247,100,[100  95  47  37  11],290,-1,2
248,g0248,100,[100  21],221,-2,1
249,g0249,100,[100],100,-1,2
250,g0250,100,[100  89  41  34  14],278,0,1
251,g0251,100,[100  55  21   7],283,-17,8
252,g0252,95,[95 27 19 18],159,-17,3
253,g0253,100,[100   5],105,-16,3
254,g0254,100,[100  41  35   5   1],182,-15,3
255,g0255,100,[100  24],224,-15,3
256,g0256,100,[100  72  50  14   8],244,-14,2
257,g0257,73,[73  2],75,-15,3
258,g0258,21,[21 18  2],41,-16,4
259,g0259,48,[48  3  1],100,-16,4
260,g0260,39,[39 10  1],50,-15,4
261,g0261,100,[100  60],160,-14,2
262,g0262,100,[100  48  35   7   6],196,-13,3
263,g0263,100,[100  29],229,-13,4
264,g0264,100,[100  71  49  12  10],242,-12,2
265,g0265,73,[73  5],78,-13,3
266,g0266,10,[10  1],21,-15,1
267,g0267,33,[33  5],38,-16,3
268,g0268,12,[12  4  1],17,-15,2
269,g0269,15,[15  4],34,-15,2
270,g0270,25,[25 14  9  3  2],53,-14,4
271,g0271,35,[35 19],54,-15,1
272,g0272,44,[44 19 14 13  3],93,-14,4
273,g0273,46,[46  7  3],56,-13,4
274,g0274,100,[100  53],153,-12,2
275,g0275,100,[100  49  29  10],198,-11,3
276,g0276,100,[100  18],218,-11,4
277,g0277,100,[100  73  43  18  12],246,-10,2
278,g0278,65,[65  8],73,-11,3
279,g0279,13,[13  5  3  1],22,-13,1
280,g0280,37,[37],37,-14,3
281,g0281,10,[10  3  2],15,-13,2
282,g0282,16,[16  3],35,-13,2
283,g0283,23,[23 11  4  2],40,-12,4
284,g0284,41,[41 21  3],65,-13,1
285,g0285,50,[50 21 17 11  3],102,-12,4
286,g0286,56,[56 12  6],74,-11,4
287,g0287,100,[100  42],142,-10,2
288,g0288,100,[100  58  35  13  10],216,-9,3
289,g0289,100,[100  24],224,-9,4
290,g0290,100,[100  66  42  14  10],232,-8,2
291,g0291,68,[68  8],76,-9,3
292,g0292,8,[8 4 1],13,-11,1
293,g0293,29,[29],29,-12,3
294,g0294,18,[18  7],25,-11,2
295,g0295,15,[15  7],37,-11,2
296,g0296,21,[21  8  4  3  1],37,-10,4
297,g0297,32,[32 22  3],57,-11,1
298,g0298,44,[44 22 13  8  3],90,-10,4
299,g0299,59,[59 13  4],76,-9,4
300,g0300,100,[100  40],140,-8,2
301,g0301,100,[100  61  33  17  11],222,-7,3
302,g0302,100,[100  15],215,-7,4
303,g0303,100,[100  62  39  12  11],224,-6,2
304,g0304,66,[66  7],73,-7,3
305,g0305,9,[9 2 1],12,-9,1
306,g0306,30,[30],30,-10,3
307,g0307,12,[12  6],18,-9,2
308,g0308,16,[16  6],38,-9,2
309,g0309,20,[20  5  3  2],32,-8,4
310,g0310,32,[32 19  3],54,-9,1
311,g0311,42,[42 19 13  5  1],80,-8,4
312,g0312,56,[56 10  5],71,-7,4
313,g0313,100,[100  44],144,-6,2
314,g0314,100,[100  58  36  13   9],216,-5,3
315,g0315,100,[100  26],226,-5,4
316,g0316,100,[100  68  41  14  13],236,-4,2
317,g0317,70,[70  9],79,-5,3
318,g0318,8,[8 4],12,-7,1
319,g0319,19,[19],19,-8,3
320,g0320,12,[12  7  1],20,-7,2
321,g0321,12,[12  7  1],32,-7,2
322,g0322,14,[14  4  1],19,-6,1
323,g0323,22,[22 19  2],43,-7,1
324,g0324,28,[28 19  9],56,-6,1
325,g0325,54,[54 14  8],76,-5,3
326,g0326,100,[100  46],146,-4,2
327,g0327,100,[100  57  33  13  11],214,-3,2
328,g0328,100,[100  23],223,-3,3
329,g0329,100,[100  67  44  12  11],234,-2,2
330,g0330,66,[66  7],73,-3,1
331,g0331,100,[100  47   2],149,-2,2
332,g0332,100,[100  93  43  38  12],286,-1,2
333,g0333,100,[100  19],219,-2,1
334,g0334,100,[100],100,-1,2
335,g0335,100,[100  94  44  36  14],288,0,1
336,g0336,100,[100  55  18   3],276,-19,8
337,g0337,95,[95 31 22 21],169,-19,3
338,g0338,100,[100   5],105,-18,3
339,g0339,100,[100  42  37   3   2],184,-17,3
340,g0340,100,[100  21],221,-17,3
341,g0341,100,[100  71  46  14  11],242,-16,2
342,g0342,72,[72],72,-17,3
343,g0343,30,[30 24  1],55,-18,4
344,g0344,60,[60  8  5],133,-18,4
345,g0345,41,[41  8  1],50,-17,4
346,g0346,100,[100  59],159,-16,2
347,g0347,100,[100  53  40  10   3],206,-15,3
348,g0348,100,[100  27],227,-15,4
349,g0349,100,[100  62  38  12],224,-14,2
350,g0350,71,[71  8],79,-15,3
351,g0351,18,[18],36,-17,1
352,g0352,42,[42  9],51,-18,3
353,g0353,12,[12  3],15,-17,2
354,g0354,21,[21  3],45,-17,2
355,g0355,31,[31 22  8  2  1],64,-16,4
356,g0356,49,[49 22],71,-17,1
357,g0357,58,[58 22 20  4],126,-16,4
358,g0358,48,[48 12  2],62,-15,4
359,g0359,100,[100  52],152,-14,2
360,g0360,100,[100  58  39  11   8],216,-13,3
361,g0361,100,[100  26],226,-13,4
362,g0362,100,[100  65  43  12  10],230,-12,2
363,g0363,73,[73  7],80,-13,3
364,g0364,14,[14  6  5],25,-15,1
365,g0365,42,[42],42,-16,3
366,g0366,17,[17  6  2],25,-15,2
367,g0367,21,[21  6],48,-15,2
368,g0368,27,[27 14  6  5  1],53,-14,4
369,g0369,37,[37 20  2],59,-15,1
370,g0370,46,[46 20 17 14  2],99,-14,4
371,g0371,48,[48 11  5],64,-13,4
372,g0372,100,[100  51],151,-12,2
373,g0373,100,[100  57  35  12  10],214,-11,3
374,g0374,100,[100  21],221,-11,4
375,g0375,100,[100  69  42  16  11],238,-10,2
376,g0376,66,[66  4],70,-11,3
377,g0377,10,[10  5  4  1],20,-13,1
378,g0378,40,[40],40,-14,3
379,g0379,13,[13  5  1],19,-13,2
380,g0380,16,[16  5],37,-13,2
381,g0381,28,[28 17 11  3],59,-12,4
382,g0382,43,[43 18  5],66,-13,1
383,g0383,54,[54 18 17 16  4],109,-12,4
384,g0384,57,[57 13  3],73,-11,4
385,g0385,100,[100  42],142,-10,2
386,g0386,100,[100  58  34  16   8],216,-9,3
387,g0387,100,[100  17],217,-9,4
388,g0388,100,[100  60  39  11  10],220,-8,2
389,g0389,62,[62  4],66,-9,3
390,g0390,12,[12  2  1],15,-11,1
391,g0391,30,[30],30,-12,3
392,g0392,9,[9 5 1],15,-11,2
393,g0393,20,[20  5],45,-11,2
394,g0394,25,[25 10  7  3  1],46,-10,4
395,g0395,33,[33 23  3],59,-11,1
396,g0396,42,[42 23 14 10  3],92,-10,4
397,g0397,61,[61 12  9],82,-9,4
398,g0398,100,[100  39],139,-8,2
399,g0399,100,[100  65  42  14   9],230,-7,3
400,g0400,100,[100  20],220,-7,4
401,g0401,100,[100  62  29  18  15],224,-6,2
402,g0402,68,[68  8],76,-7,3
403,g0403,6,[6 2 1],10,-9,1
404,g0404,25,[25],25,-10,3
405,g0405,11,[11  8  1],20,-9,2
406,g0406,14,[14  8  2],38,-9,2
407,g0407,17,[17  6  4  2  1],30,-8,4
408,g0408,32,[32 22  6],60,-9,1
409,g0409,40,[40 22 16  6  1],85,-8,4
410,g0410,58,[58 13  4],75,-7,4
411,g0411,100,[100  42],142,-6,2
412,g0412,100,[100  67  41  14  12],234,-5,3
413,g0413,100,[100  27],227,-5,4
414,g0414,100,[100  58  39  13   6],216,-4,2
415,g0415,67,[67  5],72,-5,3
416,g0416,5,[5 1],6,-7,1
417,g0417,20,[20],20,-8,3
418,g0418,12,[12  5],17,-7,2
419,g0419,11,[11  5],27,-7,2
420,g0420,14,[14  3  1],18,-6,1
421,g0421,28,[28 22  3],53,-7,1
422,g0422,37,[37 22 18],77,-6,1
423,g0423,57,[57 11  5],73,-5,3
424,g0424,100,[100  43],143,-4,2
425,g0425,100,[100  58  34  14  10],216,-3,2
426,g0426,100,[100  22],222,-3,3
427,g0427,100,[100  64  47   9   8],228,-2,2
428,g0428,64,[64  7],71,-3,1
429,g0429,100,[100  43   6],149,-2,2
430,g0430,100,[100  90  44  35  11],280,-1,2
431,g0431,100,[100  24],224,-2,1
432,g0432,100,[100],100,-1,2
433,g0433,100,[100  90  44  35  11],280,0,1
434,g0434,100,[100  56  19   3],278,-21,8
435,g0435,96,[96 27 21 15],159,-21,3
436,g0436,100,[100   4],104,-20,3
437,g0437,100,[100  43  38   3   2],186,-19,3
438,g0438,100,[100  21],221,-19,3
439,g0439,100,[100  72  47  13  12],244,-18,2
440,g0440,71,[71  2],73,-19,3
441,g0441,24,[24 22  1],47,-20,4
442,g0442,56,[56  3  1],116,-20,4
443,g0443,41,[41 10  1],52,-19,4
444,g0444,100,[100  58],158,-18,2
445,g0445,100,[100  49  36   9   4],198,-17,3
446,g0446,100,[100  26],226,-17,4
447,g0447,100,[100  63  38  17   8],226,-16,2
448,g0448,62,[62  7],69,-17,3
449,g0449,21,[21],42,-19,1
450,g0450,43,[43  7],50,-20,3
451,g0451,10,[10  3],13,-19,2
452,g0452,14,[14  3],31,-19,2
453,g0453,30,[30 19  6  4  1],60,-18,4
454,g0454,47,[47 22],69,-19,1
455,g0455,55,[55 22 19  5],120,-18,4
456,g0456,53,[53 12  5],70,-17,4
457,g0457,100,[100  47],147,-16,2
458,g0458,100,[100  59  44  10   5],218,-15,3
459,g0459,100,[100  21],221,-15,4
460,g0460,100,[100  63  36  15  12],226,-14,2
461,g0461,65,[65  8],73,-15,3
462,g0462,19,[19 11  8  1],39,-17,1
463,g0463,43,[43],43,-18,3
464,g0464,16,[16 10  3],29,-17,2
465,g0465,19,[19 10],48,-17,2
466,g0466,35,[35 21  8  2  1],67,-16,4
467,g0467,47,[47 24  4],75,-17,1
468,g0468,62,[62 24 21 17  7],131,-16,4
469,g0469,57,[57 11  4],72,-15,4
470,g0470,100,[100  42],142,-14,2
471,g0471,100,[100  66  43  14   9],232,-13,3
472,g0472,100,[100  28],228,-13,4
473,g0473,100,[100  52  32  11   9],204,-12,2
474,g0474,69,[69  8],77,-13,3
475,g0475,22,[22 10  6  2],40,-15,1
476,g0476,38,[38],38,-16,3
477,g0477,13,[13  4  2],19,-15,2
478,g0478,19,[19  4],42,-15,2
479,g0479,36,[36 19  7  3],68,-14,4
480,g0480,44,[44 26  1],71,-15,1
481,g0481,56,[56 26 19 18  5],124,-14,4
482,g0482,57,[57 16  4],77,-13,4
483,g0483,100,[100  43],143,-12,2
484,g0484,100,[100  69  43  16  10],238,-11,3
485,g0485,100,[100  11],211,-11,4
486,g0486,100,[100  64  37  17  10],228,-10,2
487,g0487,60,[60  4],64,-11,3
488,g0488,20,[20  6  5  3],34,-13,1
489,g0489,45,[45],45,-14,3
490,g0490,19,[19  6  5],30,-13,2
491,g0491,17,[17  5  1],40,-13,2
492,g0492,34,[34 15  8  6  3],66,-12,4
493,g0493,43,[43 25  3],71,-13,1
494,g0494,53,[53 25 16 15  4],113,-12,4
495,g0495,58,[58 10],78,-11,4
496,g0496,100,[100  42],142,-10,2
497,g0497,100,[100  54  36  10   8],208,-9,3
498,g0498,100,[100  25],225,-9,4
499,g0499,100,[100  67  39  17  11],234,-8,2
500,g0500,62,[62 11],73,-9,3
501,g0501,13,[13  4  3  2],22,-11,1
502,g0502,34,[34],34,-12,3
503,g0503,13,[13  6  3],22,-11,2
504,g0504,17,[17  6  1],41,-11,2
505,g0505,20,[20  8  5  4  3],40,-10,4
506,g0506,41,[41 27  8],76,-11,1
507,g0507,44,[44 27 14  8],93,-10,4
508,g0508,64,[64 17  7],88,-9,4
509,g0509,100,[100  35],135,-8,2
510,g0510,100,[100  62  35  15  12],224,-7,3
511,g0511,100,[100  21],221,-7,4
512,g0512,100,[100  65  40  13  12],230,-6,2
513,g0513,58,[58  5],63,-7,3
514,g0514,9,[9 3 1],14,-9,1
515,g0515,32,[32],32,-10,3
516,g0516,19,[19  9  2],30,-9,2
517,g0517,16,[16  9],41,-9,2
518,g0518,21,[21  6  4  3],34,-8,4
519,g0519,34,[34 23  7],64,-9,1
520,g0520,44,[44 23 18  4  1],90,-8,4
521,g0521,67,[67 13  6],86,-7,4
522,g0522,100,[100  33],133,-6,2
523,g0523,100,[100  69  44  21   4],238,-5,3
524,g0524,100,[100  20],220,-5,4
525,g0525,100,[100  47  28  12   7],194,-4,2
526,g0526,64,[64  4],68,-5,3
527,g0527,6,[6 2],8,-7,1
528,g0528,20,[20],20,-8,3
529,g0529,13,[13  8  2],23,-7,2
530,g0530,13,[13  8],34,-7,2
531,g0531,16,[16  3  1],20,-6,1
532,g0532,30,[30 26  4],60,-7,1
533,g0533,40,[40 26 17],83,-6,1
534,g0534,58,[58  8  6],72,-5,3
535,g0535,100,[100  42],142,-4,2
536,g0536,100,[100  71  49  11],242,-3,2
537,g0537,100,[100  20],220,-3,3
538,g0538,100,[100  58  33  18   7],216,-2,2
539,g0539,65,[65  4],69,-3,1
540,g0540,100,[100  44   7],151,-2,2
541,g0541,100,[100  88  42  37   9],276,-1,2
542,g0542,100,[100  26],226,-2,1
543,g0543,100,[100],100,-1,2
544,g0544,100,[100  89  43  38   8],278,0,1
545,g0545,100,[100  51  24   2],277,-23,8
546,g0546,91,[91 24 17 13],145,-23,3
547,g0547,100,[100   9],109,-22,3
548,g0548,100,[100  40  36   3   1],180,-21,3
549,g0549,100,[100  23],223,-21,3
550,g0550,100,[100  72  49  12  11],244,-20,2
551,g0551,72,[72  3],75,-21,3
552,g0552,28,[28 24  2],54,-22,4
553,g0553,58,[58  2],120,-22,4
554,g0554,43,[43 13],56,-21,4
555,g0555,100,[100  57],157,-20,2
556,g0556,100,[100  52  37  12   3],204,-19,3
557,g0557,100,[100  26],226,-19,4
558,g0558,100,[100  65  40  14  11],230,-18,2
559,g0559,63,[63  5],68,-19,3
560,g0560,23,[23  2],48,-21,1
561,g0561,41,[41  9],50,-22,3
562,g0562,11,[11  2],15,-21,2
563,g0563,18,[18  2],38,-21,2
564,g0564,32,[32 21  6  1],66,-20,4
565,g0565,49,[49 25],74,-21,1
566,g0566,56,[56 25 21 16  4],122,-20,4
567,g0567,48,[48  7  6],61,-19,4
568,g0568,100,[100  51],151,-18,2
569,g0569,100,[100  50  38   8   4],200,-17,3
570,g0570,100,[100  25],225,-17,4
571,g0571,100,[100  70  47  12  11],240,-16,2
572,g0572,63,[63  9],72,-17,3
573,g0573,13,[13  6  4  2],25,-19,1
574,g0574,43,[43],43,-20,3
575,g0575,11,[11  5  2],18,-19,2
576,g0576,19,[19  5  1],44,-19,2
577,g0577,27,[27 19 11  2  1],60,-18,4
578,g0578,53,[53 28  5],86,-19,1
579,g0579,62,[62 28 23 19  6],138,-18,4
580,g0580,59,[59 12  2],73,-17,4
581,g0581,100,[100  41],141,-16,2
582,g0582,100,[100  57  35  16   6],214,-15,3
583,g0583,100,[100  27],227,-15,4
584,g0584,100,[100  65  44  16   5],230,-14,2
585,g0585,52,[52  5],57,-15,3
586,g0586,17,[17  4  3],27,-17,1
587,g0587,47,[47],47,-18,3
588,g0588,16,[16  6  3],25,-17,2
589,g0589,20,[20  6],46,-17,2
590,g0590,33,[33 17 12  5  3],70,-16,4
591,g0591,50,[50 26  2],78,-17,1
592,g0592,58,[58 26 23 17  4],128,-16,4
593,g0593,65,[65 10  8],83,-15,4
594,g0594,100,[100  34],134,-14,2
595,g0595,100,[100  51  33  11   7],202,-13,3
596,g0596,100,[100  21],221,-13,4
597,g0597,100,[100  64  47   9   8],228,-12,2
598,g0598,64,[64 11],75,-13,3
599,g0599,9,[9 3 2 1],15,-15,1
600,g0600,38,[38],38,-16,3
601,g0601,19,[19 12  2],33,-15,2
602,g0602,25,[25 12  1],63,-15,2
603,g0603,28,[28 12  8  3  1],52,-14,4
604,g0604,45,[45 31  9],85,-15,1
605,g0605,57,[57 31 21 12  1],122,-14,4
606,g0606,68,[68 16  4],88,-13,4
607,g0607,100,[100  31],131,-12,2
608,g0608,100,[100  63  30  18  15],226,-11,3
609,g0609,100,[100  22],222,-11,4
610,g0610,100,[100  70  39  18  13],240,-10,2
611,g0611,67,[67  7],74,-11,3
612,g0612,12,[12  4  2  1],19,-13,1
613,g0613,33,[33],33,-14,3
614,g0614,10,[10  5  1],16,-13,2
615,g0615,15,[15  5],35,-13,2
616,g0616,29,[29 19 12  2],62,-12,4
617,g0617,41,[41 24  2],67,-13,1
618,g0618,54,[54 24 19 17  8],122,-12,4
619,g0619,54,[54 11  4],69,-11,4
620,g0620,100,[100  46],146,-10,2
621,g0621,100,[100  58  37  15   6],216,-9,3
622,g0622,100,[100  21],221,-9,4
623,g0623,100,[100  61  36  13  12],222,-8,2
624,g0624,65,[65  6],71,-9,3
625,g0625,14,[14  5  3  1],23,-11,1
626,g0626,36,[36],36,-12,3
627,g0627,14,[14  5  2],21,-11,2
628,g0628,16,[16  5  2],39,-11,2
629,g0629,28,[28 12  7  3],50,-10,4
630,g0630,40,[40 24  2],66,-11,1
631,g0631,50,[50 24 16 12  3],105,-10,4
632,g0632,61,[61 11  6],78,-9,4
633,g0633,100,[100  38],138,-8,2
634,g0634,100,[100  64  37  14  13],228,-7,3
635,g0635,100,[100  18],218,-7,4
636,g0636,100,[100  59  38  12   9],218,-6,2
637,g0637,47,[47  5],52,-7,3
638,g0638,15,[15  5  1],21,-9,1
639,g0639,31,[31],31,-10,3
640,g0640,10,[10  4  3],17,-9,2
641,g0641,15,[15  4  1],35,-9,2
642,g0642,17,[17  5  2  1],27,-8,4
643,g0643,37,[37 26  4],67,-9,1
644,g0644,39,[39 26 17  2  1],85,-8,4
645,g0645,69,[69 14 12],95,-7,4
646,g0646,100,[100  31],131,-6,2
647,g0647,100,[100  65  49  12   4],230,-5,3
648,g0648,100,[100  22],222,-5,4
649,g0649,100,[100  55  32  16   7],210,-4,2
650,g0650,58,[58 10],68,-5,3
651,g0651,3,[3 1],4,-7,1
652,g0652,16,[16],16,-8,3
653,g0653,10,[10  9],19,-7,2
654,g0654,11,[11  9  1],32,-7,2
655,g0655,10,[10  1],12,-6,1
656,g0656,39,[39 35 11],85,-7,1
657,g0657,46,[46 35 24],105,-6,1
658,g0658,71,[71 18  3],92,-5,3
659,g0659,100,[100  29],129,-4,2
660,g0660,100,[100  66  37  15  14],232,-3,2
661,g0661,100,[100  18],218,-3,3
662,g0662,100,[100  64  37  15  12],228,-2,2
663,g0663,62,[62  7],69,-3,1
664,g0664,100,[100  42   7],149,-2,2
665,g0665,100,[100  91  41  39  11],282,-1,2
666,g0666,100,[100  24],224,-2,1
667,g0667,100,[100],100,-1,2
668,g0668,100,[100  86  39  36  11],272,0,1
669,g0669,100,[100  49  20   5],274,-25,8
670,g0670,89,[89 22 20 14],145,-25,3
671,g0671,100,[100  11],111,-24,3
672,g0672,100,[100  47  38   5   4],194,-23,3
673,g0673,100,[100  26],226,-23,3
674,g0674,100,[100  65  45  12   8],230,-22,2
675,g0675,72,[72  3],75,-23,3
676,g0676,30,[30 27  3],60,-24,4
677,g0677,60,[60  5],125,-24,4
678,g0678,40,[40 11],51,-23,4
679,g0679,100,[100  60],160,-22,2
680,g0680,100,[100  53  41   6],206,-21,3
681,g0681,100,[100  28],228,-21,4
682,g0682,100,[100  61  38  15   8],222,-20,2
683,g0683,65,[65 10],75,-21,3
684,g0684,23,[23  3],49,-23,1
685,g0685,48,[48 13],61,-24,3
686,g0686,10,[10  3  2],15,-23,2
687,g0687,15,[15  2],32,-23,2
688,g0688,35,[35 26 12  7],80,-22,4
689,g0689,50,[50 17],67,-23,1
690,g0690,54,[54 26 20 17  4],121,-22,4
691,g0691,52,[52 14  8],74,-21,4
692,g0692,100,[100  48],148,-20,2
693,g0693,100,[100  62  45   9   8],224,-19,3
694,g0694,100,[100  22],222,-19,4
695,g0695,100,[100  63  37  16  10],226,-18,2
696,g0696,70,[70 10],80,-19,3
697,g0697,14,[14 11  8  1],34,-21,1
698,g0698,42,[42],42,-22,3
699,g0699,12,[12  7  1],20,-21,2
700,g0700,19,[19  7  2],47,-21,2
701,g0701,34,[34 25 14  2],75,-20,4
702,g0702,57,[57 30  8],95,-21,1
703,g0703,68,[68 30 25 24  5],152,-20,4
704,g0704,50,[50 12  2],64,-19,4
705,g0705,100,[100  50],150,-18,2
706,g0706,100,[100  57  37  10],214,-17,3
707,g0707,100,[100  28],228,-17,4
708,g0708,100,[100  65  45  12   8],230,-16,2
709,g0709,65,[65  7],72,-17,3
710,g0710,21,[21  7  5  2],35,-19,1
711,g0711,51,[51],51,-20,3
712,g0712,20,[20  6  1],27,-19,2
713,g0713,23,[23  6],52,-19,2
714,g0714,41,[41 24 15  6  2],88,-18,4
715,g0715,47,[47 22  2],71,-19,1
716,g0716,57,[57 24 22 18  5],126,-18,4
717,g0717,55,[55 14  7],76,-17,4
718,g0718,100,[100  43],143,-16,2
719,g0719,100,[100  54  32  11],208,-15,3
720,g0720,100,[100  16],216,-15,4
721,g0721,100,[100  68  46  11],236,-14,2
722,g0722,64,[64  5],69,-15,3
723,g0723,20,[20  6  4],34,-17,1
724,g0724,42,[42],42,-18,3
725,g0725,13,[13  5],23,-17,2
726,g0726,20,[20  5  1],46,-17,2
727,g0727,39,[39 24 14  3  1],81,-16,4
728,g0728,47,[47 27  7],81,-17,1
729,g0729,59,[59 27 24 13  7],130,-16,4
730,g0730,50,[50  8  7],65,-15,4
731,g0731,100,[100  49],149,-14,2
732,g0732,100,[100  50  35   8   7],200,-13,3
733,g0733,100,[100  27],227,-13,4
734,g0734,100,[100  71  45  13],242,-12,2
735,g0735,70,[70 10],80,-13,3
736,g0736,17,[17  7  3  1],28,-15,1
737,g0737,40,[40],40,-16,3
738,g0738,19,[19 10  2],31,-15,2
739,g0739,27,[27 10  1],65,-15,2
740,g0740,33,[33 14  7  3],60,-14,4
741,g0741,34,[34 21  7],62,-15,1
742,g0742,45,[45 21 14 10  2],92,-14,4
743,g0743,62,[62 17 10],89,-13,4
744,g0744,100,[100  37],137,-12,2
745,g0745,100,[100  63  30  21  12],226,-11,3
746,g0746,100,[100  19],219,-11,4
747,g0747,100,[100  61  34  15  12],222,-10,2
748,g0748,61,[61  3],64,-11,3
749,g0749,14,[14  5  2],23,-13,1
750,g0750,32,[32],32,-14,3
751,g0751,8,[8 2],10,-13,2
752,g0752,14,[14  2],30,-13,2
753,g0753,27,[27 14  8  2],53,-12,4
754,g0754,42,[42 26  9],77,-13,1
755,g0755,53,[53 26 18 14  6],117,-12,4
756,g0756,57,[57 12  5],74,-11,4
757,g0757,100,[100  42],142,-10,2
758,g0758,100,[100  62  43  11   8],224,-9,3
759,g0759,100,[100  19],219,-9,4
760,g0760,100,[100  63  43  14   6],226,-8,2
761,g0761,59,[59  5],64,-9,3
762,g0762,10,[10  3],13,-11,1
763,g0763,35,[35],35,-12,3
764,g0764,17,[17  7  3],27,-11,2
765,g0765,18,[18  7  1],44,-11,2
766,g0766,26,[26  8  7  5  2],48,-10,4
767,g0767,40,[40 27  3],70,-11,1
768,g0768,50,[50 27 17  8  1],103,-10,4
769,g0769,63,[63  9  8],80,-9,4
770,g0770,100,[100  36],136,-8,2
771,g0771,100,[100  54  31  12  11],208,-7,3
772,g0772,100,[100  17],217,-7,4
773,g0773,100,[100  68  40  18  10],236,-6,2
774,g0774,55,[55  9],64,-7,3
775,g0775,7,[7 1],9,-9,1
776,g0776,27,[27],27,-10,3
777,g0777,10,[10  6],16,-9,2
778,g0778,13,[13  6],32,-9,2
779,g0779,14,[14  4  3  2],23,-8,4
780,g0780,43,[43 31  8],82,-9,1
781,g0781,48,[48 31 20  4  1],104,-8,4
782,g0782,65,[65 16  5],86,-7,4
783,g0783,100,[100  35],135,-6,2
784,g0784,100,[100  58  38  12   8],216,-5,3
785,g0785,100,[100  25],225,-5,4
786,g0786,100,[100  60  40  14   6],220,-4,2
787,g0787,64,[64  7],71,-5,3
788,g0788,6,[6 2],8,-7,1
789,g0789,17,[17],17,-8,3
790,g0790,12,[12  6  1],19,-7,2
791,g0791,12,[12  6],30,-7,2
792,g0792,15,[15  3  2],20,-6,1
793,g0793,30,[30 28  4],62,-7,1
794,g0794,39,[39 28 17],84,-6,1
795,g0795,66,[66 15  6],87,-5,3
796,g0796,100,[100  34],134,-4,2
797,g0797,100,[100  66  36  18  12],232,-3,2
798,g0798,100,[100  26],226,-3,3
799,g0799,100,[100  64  41  12  11],228,-2,2
800,g0800,61,[61  4],65,-3,1
801,g0801,100,[100  41   5],146,-2,2
802,g0802,100,[100  89  44  36   9],278,-1,2
803,g0803,100,[100  32],232,-2,1
804,g0804,100,[100],100,-1,2
805,g0805,100,[100  87  42  31  14],274,0,1
806,g0806,100,[100  53  21   6],280,-27,7
807,g0807,93,[93 22 16],153,-27,3
808,g0808,100,[100   7],107,-26,3
809,g0809,100,[100  46  35   8   3],192,-25,3
810,g0810,100,[100  25],225,-25,3
811,g0811,100,[100  71  50  12   9],242,-24,2
812,g0812,65,[65  3],68,-25,3
813,g0813,28,[28 19  5],52,-26,4
814,g0814,59,[59  7  4],129,-26,4
815,g0815,47,[47  8  2],57,-25,4
816,g0816,100,[100  53],153,-24,2
817,g0817,100,[100  47  35   6],194,-23,3
818,g0818,100,[100  33],233,-23,4
819,g0819,100,[100  65  47  12   6],230,-22,2
820,g0820,61,[61  6],67,-23,3
821,g0821,20,[20  2],42,-25,1
822,g0822,38,[38  9],47,-26,3
823,g0823,10,[10  3  2],15,-25,2
824,g0824,11,[11  2],24,-25,2
825,g0825,29,[29 21  7  5],62,-24,4
826,g0826,55,[55 29  2],86,-25,1
827,g0827,60,[60 29 25 21  3],138,-24,4
828,g0828,53,[53  8  4],65,-23,4
829,g0829,100,[100  47],147,-22,2
830,g0830,100,[100  56  42   9   5],212,-21,3
831,g0831,100,[100  25],225,-21,4
832,g0832,100,[100  59  36  13  10],218,-20,2
833,g0833,63,[63 11],74,-21,3
834,g0834,16,[16 11  8  1],36,-23,1
835,g0835,43,[43],43,-24,3
836,g0836,14,[14  8  2],24,-23,2
837,g0837,15,[15  8  1],39,-23,2
838,g0838,28,[28 20  8  2],58,-22,4
839,g0839,54,[54 27  4],85,-23,1
840,g0840,60,[60 27 20 19  2],128,-22,4
841,g0841,61,[61 16  2],79,-21,4
842,g0842,100,[100  38],138,-20,2
843,g0843,100,[100  68  43  14  11],236,-19,3
844,g0844,100,[100  19],219,-19,4
845,g0845,100,[100  61  32  18  11],222,-18,2
846,g0846,65,[65  6],71,-19,3
847,g0847,16,[16  9  4  2],31,-21,1
848,g0848,43,[43],43,-22,3
849,g0849,16,[16  7  2],25,-21,2
850,g0850,20,[20  7],47,-21,2
851,g0851,34,[34 20 10  6],70,-20,4
852,g0852,49,[49 26  3],78,-21,1
853,g0853,60,[60 26 20  3],129,-20,4
854,g0854,57,[57 12  4],73,-19,4
855,g0855,100,[100  43],143,-18,2
856,g0856,100,[100  58  36  14   8],216,-17,3
857,g0857,100,[100  18],218,-17,4
858,g0858,100,[100  64  44  12   8],228,-16,2
859,g0859,68,[68  8],76,-17,3
860,g0860,20,[20  7  5  3],35,-19,1
861,g0861,42,[42],42,-20,3
862,g0862,13,[13  7  2],22,-19,2
863,g0863,21,[21  7],49,-19,2
864,g0864,37,[37 20  9  2  1],69,-18,4
865,g0865,43,[43 23  3],69,-19,1
866,g0866,57,[57 23 20 13  6],119,-18,4
867,g0867,53,[53 10  8],71,-17,4
868,g0868,100,[100  46],146,-16,2
869,g0869,100,[100  58  36  12  10],216,-15,3
870,g0870,100,[100  31],231,-15,4
871,g0871,100,[100  64  42  12  10],228,-14,2
872,g0872,71,[71  9],80,-15,3
873,g0873,16,[16  7  5  1],29,-17,1
874,g0874,43,[43],43,-18,3
875,g0875,16,[16  8  1],25,-17,2
876,g0876,20,[20  8  1],49,-17,2
877,g0877,27,[27 18  7  2],56,-16,4
878,g0878,42,[42 22  8],72,-17,1
879,g0879,51,[51 22 18 14  5],110,-16,4
880,g0880,50,[50 13  3],66,-15,4
881,g0881,100,[100  50],150,-14,2
882,g0882,100,[100  60  39  12   9],220,-13,3
883,g0883,100,[100  23],223,-13,4
884,g0884,100,[100  62  39  13  10],224,-12,2
885,g0885,61,[61  2],63,-13,3
886,g0886,19,[19  5  3  2],29,-15,1
887,g0887,38,[38],38,-16,3
888,g0888,17,[17  5  2],24,-15,2
889,g0889,18,[18  5],41,-15,2
890,g0890,34,[34 13  7  3],64,-14,4
891,g0891,36,[36 21  3],60,-15,1
892,g0892,47,[47 21 13 11  3],95,-14,4
893,g0893,63,[63 12 11],86,-13,4
894,g0894,100,[100  37],137,-12,2
895,g0895,100,[100  60  36  12],220,-11,3
896,g0896,100,[100  17],217,-11,4
897,g0897,100,[100  61  39  13   9],222,-10,2
898,g0898,63,[63 11],74,-11,3
899,g0899,9,[9 4 3],19,-13,1
900,g0900,33,[33],33,-14,3
901,g0901,16,[16  7  2],25,-13,2
902,g0902,20,[20  7  1],48,-13,2
903,g0903,24,[24 10  6  2],42,-12,4
904,g0904,43,[43 30 11],84,-13,1
905,g0905,55,[55 30 15 10  3],113,-12,4
906,g0906,61,[61 13  5],79,-11,4
907,g0907,100,[100  38],138,-10,2
908,g0908,100,[100  63  38  14  11],226,-9,3
909,g0909,100,[100  20],220,-9,4
910,g0910,100,[100  63  38  13  12],226,-8,2
911,g0911,68,[68  5],73,-9,3
912,g0912,9,[9 2],13,-11,1
913,g0913,29,[29],29,-12,3
914,g0914,14,[14  8],22,-11,2
915,g0915,13,[13  8  1],35,-11,2
916,g0916,23,[23 10  8  5  2],48,-10,4
917,g0917,34,[34 23  3],60,-11,1
918,g0918,42,[42 23 12 10  2],89,-10,4
919,g0919,54,[54 10  6],70,-9,4
920,g0920,100,[100  46],146,-8,2
921,g0921,100,[100  60  38  12  10],220,-7,3
922,g0922,100,[100  23],223,-7,4
923,g0923,100,[100  61  39  13   9],222,-6,2
924,g0924,60,[60  4],64,-7,3
925,g0925,8,[8 2 1],11,-9,1
926,g0926,30,[30],30,-10,3
927,g0927,11,[11  3  2],16,-9,2
928,g0928,13,[13  3  1],30,-9,2
929,g0929,17,[17  4  3],28,-8,4
930,g0930,36,[36 21  5],62,-9,1
931,g0931,42,[42 21 13  4],80,-8,4
932,g0932,58,[58  6],70,-7,4
933,g0933,100,[100  42],142,-6,2
934,g0934,100,[100  60  42  10   8],220,-5,3
935,g0935,100,[100  27],227,-5,4
936,g0936,100,[100  61  39  11],222,-4,2
937,g0937,64,[64  6],70,-5,3
938,g0938,6,[6 1],7,-7,1
939,g0939,25,[25],25,-8,3
940,g0940,16,[16  9  1],26,-7,2
941,g0941,16,[16  9  1],42,-7,2
942,g0942,17,[17  3],23,-6,1
943,g0943,30,[30 24  4],58,-7,1
944,g0944,41,[41 24 13],78,-6,1
945,g0945,66,[66 12  6],84,-5,3
946,g0946,100,[100  34],134,-4,2
947,g0947,100,[100  68  38  18  12],236,-3,2
948,g0948,100,[100  28],228,-3,3
949,g0949,100,[100  62  31  18  13],224,-2,2
950,g0950,69,[69  8],77,-3,1
951,g0951,100,[100  44   3],147,-2,2
952,g0952,100,[100  84  40  35   9],268,-1,2
953,g0953,100,[100  28],228,-2,1
954,g0954,100,[100],100,-1,2
955,g0955,100,[100  85  41  34  10],270,0,1
956,g0956,100,[100  51  20   6],277,-29,5
957,g0957,91,[91 25 15],146,-29,3
958,g0958,100,[100   9],109,-28,2
959,g0959,100,[100  39  32   4   3],178,-27,2
960,g0960,100,[100  24],224,-27,2
961,g0961,100,[100  74  52  12  10],248,-26,2
962,g0962,71,[71  1],72,-27,3
963,g0963,35,[35 25  3],63,-27,4
964,g0964,63,[63  9  7],142,-27,4
965,g0965,46,[46  9  2],57,-26,4
966,g0966,100,[100  54],154,-26,2
967,g0967,100,[100  46  29   9   8],192,-25,3
968,g0968,100,[100  28],228,-25,4
969,g0969,100,[100  72  49  14   9],244,-24,2
970,g0970,65,[65  5],70,-25,3
971,g0971,18,[18  1],37,-26,1
972,g0972,44,[44  8],52,-27,3
973,g0973,12,[12  3  1],16,-26,2
974,g0974,21,[21  3],45,-26,2
975,g0975,35,[35 25 12  4  1],77,-25,4
976,g0976,53,[53 24  2],79,-26,1
977,g0977,61,[61 25 24 18  3],131,-25,4
978,g0978,47,[47  6  5],58,-24,4
979,g0979,100,[100  53],153,-24,2
980,g0980,100,[100  51  39   9   3],202,-23,3
981,g0981,100,[100  26],226,-23,4
982,g0982,100,[100  63  41  11],226,-22,2
983,g0983,59,[59  5],64,-23,3
984,g0984,13,[13  6  4  1],24,-24,1
985,g0985,44,[44],44,-25,3
986,g0986,8,[8 4],12,-24,2
987,g0987,25,[25  4  1],55,-24,2
988,g0988,31,[31 20 13  1],66,-23,4
989,g0989,59,[59 31  4],94,-24,1
990,g0990,65,[65 31 20  1],137,-23,4
991,g0991,56,[56 10  4],70,-22,4
992,g0992,100,[100  44],144,-22,2
993,g0993,100,[100  55  40   8   7],210,-21,3
994,g0994,100,[100  25],225,-21,4
995,g0995,100,[100  63  40  13  10],226,-20,2
996,g0996,61,[61  8],69,-21,3
997,g0997,14,[14  4  3],21,-22,1
998,g0998,38,[38],38,-23,3
999,g0999,13,[13  4  2],19,-22,2
1000,g1000,23,[23  4],50,-22,2
1001,g1001,31,[31 15 10  2],60,-21,4
1002,g1002,45,[45 29  3],77,-22,1
1003,g1003,57,[57 29 20 15  5],126,-21,4
1004,g1004,67,[67 17  4],88,-20,4
1005,g1005,100,[100  32],132,-20,2
1006,g1006,100,[100  63  34  16  13],226,-19,3
1007,g1007,100,[100  12],212,-19,4
1008,g1008,100,[100  65  39  14  12],230,-18,2
1009,g1009,64,[64  3],67,-19,3
1010,g1010,18,[18 11  5  2],36,-20,1
1011,g1011,43,[43],43,-21,3
1012,g1012,17,[17  7  5],29,-20,2
1013,g1013,18,[18  7],43,-20,2
1014,g1014,37,[37 24 12  4  1],78,-19,4
1015,g1015,49,[49 26  3],78,-20,1
1016,g1016,64,[64 26 24 17  8],139,-19,4
1017,g1017,58,[58  8  3],69,-18,4
1018,g1018,100,[100  42],142,-18,2
1019,g1019,100,[100  60  38  11],220,-17,3
1020,g1020,100,[100  26],226,-17,4
1021,g1021,100,[100  67  40  16  11],234,-16,2
1022,g1022,64,[64  5],69,-17,3
1023,g1023,16,[16  6  4  2],28,-18,1
1024,g1024,46,[46],46,-19,3
1025,g1025,13,[13  7  3],23,-18,2
1026,g1026,25,[25  7],57,-18,2
1027,g1027,33,[33 20 11  3  1],68,-17,4
1028,g1028,49,[49 26  3],78,-18,1
1029,g1029,59,[59 26 20  4],129,-17,4
1030,g1030,57,[57  9  5],71,-16,4
1031,g1031,100,[100  42],142,-16,2
1032,g1032,100,[100  58  36  14   8],216,-15,3
1033,g1033,100,[100  25],225,-15,4
1034,g1034,100,[100  63  42  13   8],226,-14,2
1035,g1035,62,[62  6],68,-15,3
1036,g1036,18,[18  7  6  1],32,-16,1
1037,g1037,38,[38],38,-17,3
1038,g1038,11,[11  6  2],19,-16,2
1039,g1039,18,[18  6],42,-16,2
1040,g1040,31,[31 20  9  3],63,-15,4
1041,g1041,49,[49 28  4],81,-16,1
1042,g1042,58,[58 28 22 20  5],133,-15,4
1043,g1043,59,[59 12  5],76,-14,4
1044,g1044,100,[100  40],140,-14,2
1045,g1045,100,[100  58  36  13   9],216,-13,3
1046,g1046,100,[100  17],217,-13,4
1047,g1047,100,[100  63  41  12  10],226,-12,2
1048,g1048,61,[61  6],67,-13,3
1049,g1049,13,[13  5  3],24,-14,1
1050,g1050,41,[41],41,-15,3
1051,g1051,15,[15  8  2],25,-14,2
1052,g1052,20,[20  8  1],49,-14,2
1053,g1053,34,[34 17 13  4],68,-13,4
1054,g1054,45,[45 25  3],73,-14,1
1055,g1055,54,[54 25 17 16  1],113,-13,4
1056,g1056,60,[60  9],78,-13,4
1057,g1057,100,[100  40],140,-12,2
1058,g1058,100,[100  58  37  11  10],216,-11,3
1059,g1059,100,[100  13],213,-11,4
1060,g1060,100,[100  70  38  18  14],240,-10,2
1061,g1061,63,[63  7],70,-11,3
1062,g1062,10,[10  3],13,-13,1
1063,g1063,35,[35],35,-13,3
1064,g1064,15,[15  9  1],25,-12,2
1065,g1065,22,[22  9  3],56,-12,2
1066,g1066,25,[25  9  6  2  1],43,-12,4
1067,g1067,41,[41 28  4],73,-13,1
1068,g1068,51,[51 28 14  9  1],103,-12,4
1069,g1069,61,[61 10  6],77,-11,4
1070,g1070,100,[100  37],137,-10,2
1071,g1071,100,[100  56  30  14  12],212,-9,3
1072,g1072,100,[100  28],228,-9,4
1073,g1073,100,[100  62  45  13   4],224,-8,2
1074,g1074,61,[61  4],65,-9,3
1075,g1075,10,[10  3  1],15,-11,1
1076,g1076,23,[23],23,-12,3
1077,g1077,11,[11  3  1],15,-11,2
1078,g1078,13,[13  3],29,-11,2
1079,g1079,21,[21  7  3  1],35,-10,4
1080,g1080,40,[40 31  6],77,-11,1
1081,g1081,50,[50 31 18  7  2],108,-10,4
1082,g1082,59,[59  8  5],72,-9,4
1083,g1083,100,[100  40],140,-8,2
1084,g1084,100,[100  58  37  14   7],216,-7,3
1085,g1085,100,[100  19],219,-7,4
1086,g1086,100,[100  65  35  21   9],230,-6,2
1087,g1087,61,[61  8],69,-7,3
1088,g1088,7,[7 3 1],11,-9,1
1089,g1089,22,[22],22,-10,3
1090,g1090,7,[7 3 1],11,-9,2
1091,g1091,9,[9 3],21,-9,2
1092,g1092,13,[13  5  2  1],22,-8,4
1093,g1093,39,[39 28  4],71,-9,1
1094,g1094,45,[45 28 15  5  2],95,-8,4
1095,g1095,60,[60 11  5],76,-7,4
1096,g1096,100,[100  40],140,-6,2
1097,g1097,100,[100  66  45  11  10],232,-5,3
1098,g1098,100,[100  31],231,-5,4
1099,g1099,100,[100  57  29  16  12],214,-4,2
1100,g1100,62,[62  7],69,-5,3
1101,g1101,7,[7 2],9,-7,1
1102,g1102,20,[20],20,-8,3
1103,g1103,8,[8 5],13,-7,2
1104,g1104,11,[11  5  2],29,-7,2
1105,g1105,9,[9 2],13,-6,1
1106,g1106,31,[31 24  1],56,-7,1
1107,g1107,33,[33 24 16],73,-6,1
1108,g1108,68,[68 18  7],93,-5,3
1109,g1109,100,[100  32],132,-4,2
1110,g1110,100,[100  71  41  18  12],242,-3,2
1111,g1111,100,[100  26],226,-3,3
1112,g1112,100,[100  57  30  17  10],214,-2,2
1113,g1113,66,[66  6],72,-3,1
1114,g1114,100,[100  40   9],149,-2,2
1115,g1115,100,[100  83  43  31   9],266,-1,2
1116,g1116,100,[100  29],229,-2,1
1117,g1117,100,[100],100,-1,2
1118,g1118,100,[100  86  45  34   7],272,0,1
1119,g1119,100,[100  27],227,-29,2
1120,g1120,100,[100  91  76  15],282,-28,2
1121,g1121,100,[100  21],121,-28,2
1122,g1122,100,[100  76  61  14   1],252,-27,4
1123,g1123,74,[74  2],76,-28,3
1124,g1124,33,[33 28  3],64,-28,4
1125,g1125,58,[58  5  2],123,-28,4
1126,g1126,39,[39 10  2],51,-27,4
1127,g1127,100,[100  61],161,-27,2
1128,g1128,100,[100  41  28  10   3],182,-26,2
1129,g1129,100,[100  23],223,-26,3
1130,g1130,100,[100  77  49  20   8],254,-25,2
1131,g1131,72,[72  6],78,-26,3
1132,g1132,20,[20  1],41,-27,1
1133,g1133,46,[46  7],53,-28,3
1134,g1134,11,[11  2  1],14,-27,2
1135,g1135,20,[20  2],42,-27,2
1136,g1136,36,[36 25 11  5  1],78,-26,4
1137,g1137,50,[50 19  2],71,-27,1
1138,g1138,58,[58 25 19 17  3],122,-26,4
1139,g1139,45,[45  8  5],58,-25,4
1140,g1140,100,[100  54],154,-25,2
1141,g1141,100,[100  48  30  13   5],196,-24,3
1142,g1142,100,[100  25],225,-24,4
1143,g1143,100,[100  70  47  18   5],240,-23,2
1144,g1144,63,[63  6],69,-24,3
1145,g1145,20,[20 13  7  1],41,-25,1
1146,g1146,49,[49],49,-26,3
1147,g1147,10,[10  4  1],15,-25,2
1148,g1148,21,[21  4  1],47,-25,2
1149,g1149,33,[33 26 12  2],75,-24,4
1150,g1150,53,[53 21  2],76,-25,1
1151,g1151,59,[59 26 21  5],132,-24,4
1152,g1152,50,[50 10  4],64,-23,4
1153,g1153,100,[100  49],149,-23,2
1154,g1154,100,[100  56  42   8   6],212,-22,3
1155,g1155,100,[100  28],228,-22,4
1156,g1156,100,[100  60  40  10],220,-21,2
1157,g1157,63,[63  6],69,-22,3
1158,g1158,18,[18 14  8  1],41,-23,1
1159,g1159,42,[42],42,-24,3
1160,g1160,9,[9 5 2],16,-23,2
1161,g1161,22,[22  5],49,-23,2
1162,g1162,37,[37 29 14  1],81,-22,4
1163,g1163,58,[58 29  4],91,-23,1
1164,g1164,71,[71 29 19  8],156,-22,4
1165,g1165,55,[55 10  3],68,-21,4
1166,g1166,100,[100  45],145,-21,2
1167,g1167,100,[100  56  38  12   6],212,-20,3
1168,g1168,100,[100  22],222,-20,4
1169,g1169,100,[100  64  48   8],228,-19,2
1170,g1170,65,[65  7],72,-20,3
1171,g1171,20,[20  8  6  3],37,-21,1
1172,g1172,49,[49],49,-22,3
1173,g1173,14,[14  7  1],22,-21,2
1174,g1174,28,[28  7  1],64,-21,2
1175,g1175,39,[39 21 10  3],76,-20,4
1176,g1176,50,[50 25  1],76,-21,1
1177,g1177,61,[61 25 21 13  2],122,-20,4
1178,g1178,62,[62 11  8],81,-19,4
1179,g1179,100,[100  37],137,-19,2
1180,g1180,100,[100  59  31  15  13],218,-18,3
1181,g1181,100,[100  24],224,-18,4
1182,g1182,100,[100  66  37  17  12],232,-17,2
1183,g1183,67,[67 12],79,-18,3
1184,g1184,19,[19  7  5],31,-19,1
1185,g1185,42,[42],42,-20,3
1186,g1186,12,[12  5  1],18,-19,2
1187,g1187,21,[21  5],47,-19,2
1188,g1188,32,[32 20  9  3  2],66,-18,4
1189,g1189,46,[46 24  6],76,-19,1
1190,g1190,54,[54 24 20 15  4],117,-18,4
1191,g1191,59,[59 15  7],81,-17,4
1192,g1192,100,[100  40],140,-17,2
1193,g1193,100,[100  66  39  15  12],232,-16,3
1194,g1194,100,[100  29],229,-16,4
1195,g1195,100,[100  55  38   9   8],210,-15,2
1196,g1196,63,[63  7],70,-16,3
1197,g1197,23,[23 10  5  4],42,-17,1
1198,g1198,42,[42],42,-18,3
1199,g1199,13,[13  5  1],19,-17,2
1200,g1200,20,[20  5  1],46,-17,2
1201,g1201,37,[37 22  9  4  2],74,-16,4
1202,g1202,46,[46 23  5],74,-17,1
1203,g1203,57,[57 23 22 16  6],124,-16,4
1204,g1204,55,[55 10  8],73,-15,4
1205,g1205,100,[100  42],142,-15,2
1206,g1206,100,[100  62  41  12   9],224,-14,3
1207,g1207,100,[100  21],221,-14,4
1208,g1208,100,[100  57  39  11   7],214,-13,2
1209,g1209,63,[63  7],70,-14,3
1210,g1210,18,[18  7  5  3],33,-15,1
1211,g1211,41,[41],41,-16,3
1212,g1212,15,[15  8  2],25,-15,2
1213,g1213,25,[25  8  1],59,-15,2
1214,g1214,35,[35 18 10  2  1],66,-14,4
1215,g1215,40,[40 25  5],70,-15,1
1216,g1216,54,[54 25 18 14  7],118,-14,4
1217,g1217,57,[57 12  8],77,-13,4
1218,g1218,100,[100  42],142,-13,2
1219,g1219,100,[100  61  40  14   7],222,-12,3
1220,g1220,100,[100  26],226,-12,4
1221,g1221,100,[100  64  45  11   8],228,-11,2
1222,g1222,70,[70 11],81,-12,3
1223,g1223,11,[11  5  3  1],20,-13,1
1224,g1224,38,[38],38,-14,3
1225,g1225,17,[17  7  2],26,-13,2
1226,g1226,21,[21  7  3],52,-13,2
1227,g1227,31,[31 18 12  3  2],66,-12,4
1228,g1228,46,[46 27  7],80,-13,1
1229,g1229,56,[56 27 18 13  2],116,-12,4
1230,g1230,57,[57 17  4],78,-11,4
1231,g1231,100,[100  42],142,-11,2
1232,g1232,100,[100  61  33  17  11],222,-10,3
1233,g1233,100,[100  20],220,-10,4
1234,g1234,100,[100  64  39  14  11],228,-9,2
1235,g1235,62,[62  2],64,-10,3
1236,g1236,14,[14  4  2  1],21,-11,1
1237,g1237,41,[41],41,-12,3
1238,g1238,18,[18  5  1],24,-11,2
1239,g1239,20,[20  5],45,-11,2
1240,g1240,35,[35 15 11  6  2],69,-10,4
1241,g1241,38,[38 22  3],63,-11,1
1242,g1242,52,[52 22 16 15  4],109,-10,4
1243,g1243,56,[56 10  4],70,-10,4
1244,g1244,100,[100  44],144,-9,2
1245,g1245,100,[100  56  38   9],212,-8,3
1246,g1246,100,[100  24],224,-8,4
1247,g1247,100,[100  66  41  13  12],232,-7,2
1248,g1248,65,[65  7],72,-8,3
1249,g1249,7,[7 2 1],12,-10,1
1250,g1250,32,[32],32,-10,3
1251,g1251,7,[7 5 1],13,-9,2
1252,g1252,15,[15  5  2],37,-9,2
1253,g1253,21,[21 12 10  3  1],47,-9,4
1254,g1254,43,[43 25  6],74,-10,1
1255,g1255,48,[48 25 19 12  1],105,-9,4
1256,g1256,58,[58  9  5],72,-8,4
1257,g1257,100,[100  42],142,-7,2
1258,g1258,100,[100  57  34  12  11],214,-6,3
1259,g1259,100,[100  27],227,-6,4
1260,g1260,100,[100  69  37  18  14],238,-5,2
1261,g1261,57,[57  6],63,-6,3
1262,g1262,8,[8 1],10,-8,1
1263,g1263,34,[34],34,-9,3
1264,g1264,7,[7 2],9,-8,2
1265,g1265,13,[13  2],28,-8,2
1266,g1266,15,[15  5  3  2],27,-7,4
1267,g1267,43,[43 24  4],71,-8,1
1268,g1268,47,[47 24 21  5],97,-7,4
1269,g1269,66,[66 12  4],82,-6,4
1270,g1270,100,[100  34],134,-5,2
1271,g1271,100,[100  60  37  12  11],220,-4,3
1272,g1272,100,[100  28],228,-4,4
1273,g1273,100,[100  64  39  13  12],228,-3,2
1274,g1274,57,[57  7],64,-4,3
1275,g1275,9,[9 3],12,-6,1
1276,g1276,28,[28],28,-7,3
1277,g1277,15,[15  9  2],26,-6,2
1278,g1278,14,[14  9],37,-6,2
1279,g1279,17,[17  5],22,-5,1
1280,g1280,34,[34 25  3],62,-6,1
1281,g1281,42,[42 25 14],81,-5,1
1282,g1282,71,[71 10  9],90,-4,3
1283,g1283,100,[100  29],129,-3,2
1284,g1284,100,[100  61  33  16  12],222,-2,2
1285,g1285,100,[100  25],225,-2,3
1286,g1286,100,[100  67  42  13  12],234,-1,3
1287,g1287,55,[55  4],59,-2,1
1288,g1288,100,[100  31   7],138,-1,3
1289,g1289,100,[100  87  43  33  11],274,0,1
1290,g1290,100,[100  27],227,-28,2
1291,g1291,86,[86],86,-29,1
1292,g1292,100,[100  76   5],181,-28,2
1293,g1293,100,[100  24  14   5],148,-27,2
1294,g1294,100,[100  29],229,-27,2
1295,g1295,100,[100  87  65  16   6],274,-26,4
1296,g1296,77,[77  6],83,-27,3
1297,g1297,34,[34 27 19],114,-27,4
1298,g1298,56,[56 27 13],96,-27,4
1299,g1299,41,[41  8  1],50,-26,4
1300,g1300,100,[100  59],159,-26,2
1301,g1301,100,[100  41  23  12   6],182,-25,2
1302,g1302,100,[100  28],228,-25,3
1303,g1303,100,[100  72  52  13   7],244,-24,2
1304,g1304,70,[70  3],73,-25,2
1305,g1305,20,[20 14  9],43,-26,1
1306,g1306,53,[53],53,-27,3
1307,g1307,11,[11  4],15,-26,2
1308,g1308,20,[20  4],44,-26,2
1309,g1309,39,[39 26 11  3  2],81,-25,4
1310,g1310,51,[51 14  1],66,-26,1
1311,g1311,64,[64 26 21 14  5],130,-25,4
1312,g1312,47,[47  4  3],54,-24,3
1313,g1313,100,[100  52],152,-24,2
1314,g1314,100,[100  48  30  11   7],196,-23,2
1315,g1315,100,[100  22],222,-23,3
1316,g1316,100,[100  73  47  16  10],246,-22,2
1317,g1317,60,[60  6],66,-23,2
1318,g1318,22,[22 13  9  2],46,-24,1
1319,g1319,52,[52],52,-25,3
1320,g1320,11,[11  2],15,-24,2
1321,g1321,14,[14  2],30,-24,2
1322,g1322,38,[38 29 12  2],81,-23,4
1323,g1323,62,[62 24  3],89,-24,1
1324,g1324,69,[69 29 24 19  3],144,-23,4
1325,g1325,56,[56 10  4],70,-22,3
1326,g1326,100,[100  44],144,-22,2
1327,g1327,100,[100  51  35   8],202,-21,2
1328,g1328,100,[100  22],222,-21,3
1329,g1329,100,[100  66  50   9   7],232,-20,2
1330,g1330,64,[64  6],70,-21,2
1331,g1331,19,[19 13  9],41,-22,1
1332,g1332,46,[46],46,-23,3
1333,g1333,13,[13  6  1],20,-22,2
1334,g1334,21,[21  6],48,-22,2
1335,g1335,39,[39 26 12  3],80,-21,4
1336,g1336,58,[58 29  3],90,-22,1
1337,g1337,70,[70 29 26 20  4],149,-21,4
1338,g1338,55,[55  7  4],66,-20,3
1339,g1339,100,[100  44],144,-20,2
1340,g1340,100,[100  53  33  12   8],206,-19,2
1341,g1341,100,[100  30],230,-19,3
1342,g1342,100,[100  67  44  12  11],234,-18,2
1343,g1343,66,[66  4],70,-19,2
1344,g1344,22,[22 12  6  2],42,-20,1
1345,g1345,45,[45],45,-21,3
1346,g1346,15,[15  6  1],22,-20,2
1347,g1347,25,[25  6],56,-20,2
1348,g1348,41,[41 23 10  3],80,-19,4
1349,g1349,47,[47 24  3],74,-20,1
1350,g1350,59,[59 24 23 16  3],125,-19,4
1351,g1351,58,[58 12  6],76,-18,3
1352,g1352,100,[100  41],141,-18,2
1353,g1353,100,[100  56  31  13  12],212,-17,2
1354,g1354,100,[100  23],223,-17,3
1355,g1355,100,[100  66  43  14   9],232,-16,2
1356,g1356,55,[55  4],59,-17,2
1357,g1357,22,[22  8  6  1],37,-18,1
1358,g1358,46,[46],46,-19,3
1359,g1359,13,[13  4  3],20,-18,2
1360,g1360,25,[25  4],54,-18,2
1361,g1361,35,[35 16  5  3  2],61,-17,4
1362,g1362,48,[48 27  7],82,-18,1
1363,g1363,60,[60 27 20 16  4],127,-17,4
1364,g1364,63,[63 10  6],79,-16,3
1365,g1365,100,[100  34],134,-16,2
1366,g1366,100,[100  58  37  11  10],216,-15,2
1367,g1367,100,[100  18],218,-15,3
1368,g1368,100,[100  60  39  14   7],220,-14,2
1369,g1369,57,[57  4],61,-15,2
1370,g1370,15,[15  7  5  3],30,-16,1
1371,g1371,36,[36],36,-17,3
1372,g1372,12,[12  7  1],20,-16,2
1373,g1373,19,[19  7  1],46,-16,2
1374,g1374,31,[31 17  8  1],57,-15,4
1375,g1375,48,[48 31  8],87,-16,1
1376,g1376,61,[61 31 22 17  5],136,-15,4
1377,g1377,61,[61  7  6],74,-14,3
1378,g1378,100,[100  38],138,-14,2
1379,g1379,100,[100  63  44  10   9],226,-13,2
1380,g1380,100,[100  24],224,-13,3
1381,g1381,100,[100  57  36  11  10],214,-12,2
1382,g1382,64,[64  7],71,-13,2
1383,g1383,16,[16  6  3  1],26,-14,1
1384,g1384,38,[38],38,-15,3
1385,g1385,13,[13  7],20,-14,2
1386,g1386,23,[23  7],53,-14,2
1387,g1387,34,[34 19  9  2  1],65,-13,4
1388,g1388,55,[55 32  6],93,-14,1
1389,g1389,66,[66 32 19  2],138,-13,4
1390,g1390,61,[61 11  3],75,-12,3
1391,g1391,100,[100  39],139,-12,2
1392,g1392,100,[100  62  37  17   8],224,-11,2
1393,g1393,100,[100  31],231,-11,3
1394,g1394,100,[100  61  47   8   6],222,-10,2
1395,g1395,64,[64  9],73,-11,2
1396,g1396,21,[21  6  2],31,-12,1
1397,g1397,44,[44],44,-13,3
1398,g1398,19,[19  7  3],29,-12,2
1399,g1399,23,[23  7],53,-12,2
1400,g1400,37,[37 15  8  3],71,-11,4
1401,g1401,40,[40 23  2],65,-12,1
1402,g1402,49,[49 23 15  1],103,-11,4
1403,g1403,61,[61 14 12],87,-10,3
1404,g1404,100,[100  39],139,-10,2
1405,g1405,100,[100  60  35  13  12],220,-9,2
1406,g1406,100,[100  21],221,-9,3
1407,g1407,100,[100  67  39  15  13],234,-8,2
1408,g1408,66,[66  8],74,-9,2
1409,g1409,10,[10  5  1],16,-10,1
1410,g1410,38,[38],38,-11,3
1411,g1411,14,[14  7  2],23,-10,2
1412,g1412,18,[18  7  3],46,-10,2
1413,g1413,27,[27 15  9  1],53,-9,4
1414,g1414,42,[42 23  6],71,-10,1
1415,g1415,54,[54 23 17 15  4],113,-9,4
1416,g1416,55,[55 12  4],71,-8,3
1417,g1417,100,[100  44],144,-8,2
1418,g1418,100,[100  56  34  12  10],212,-7,2
1419,g1419,100,[100  34],234,-7,3
1420,g1420,100,[100  67  42  14  11],234,-6,2
1421,g1421,69,[69  7],76,-7,2
1422,g1422,11,[11  5  1],17,-8,1
1423,g1423,28,[28],28,-9,3
1424,g1424,10,[10  4],14,-8,2
1425,g1425,18,[18  4],40,-8,2
1426,g1426,21,[21 10  5  2],38,-7,4
1427,g1427,34,[34 23  3],60,-8,1
1428,g1428,42,[42 23 11 10  3],89,-7,4
1429,g1429,55,[55 12  4],71,-7,3
1430,g1430,100,[100  43],143,-6,2
1431,g1431,100,[100  59  33  14  12],218,-5,2
1432,g1432,100,[100  24],224,-5,3
1433,g1433,100,[100  64  35  20   9],228,-4,2
1434,g1434,64,[64  4],68,-5,2
1435,g1435,7,[7 4 1],13,-7,1
1436,g1436,29,[29],29,-7,3
1437,g1437,12,[12  4  2],18,-6,2
1438,g1438,10,[10  4],24,-6,2
1439,g1439,19,[19  9  5  2],35,-6,4
1440,g1440,34,[34 18  4],56,-7,1
1441,g1441,45,[45 18  9  4],85,-6,4
1442,g1442,60,[60 12  3],75,-5,3
1443,g1443,100,[100  40],140,-4,2
1444,g1444,100,[100  66  42  14  10],232,-3,2
1445,g1445,100,[100  27],127,-3,4
1446,g1446,100,[100  65  42  13  10],230,-2,2
1447,g1447,67,[67  6],73,-3,2
1448,g1448,6,[6 1],7,-5,1
1449,g1449,26,[26],26,-6,3
1450,g1450,14,[14  9],23,-5,2
1451,g1451,18,[18  9  2],47,-5,2
1452,g1452,17,[17  1],19,-4,1
1453,g1453,27,[27 20  1],48,-5,1
1454,g1454,38,[38 20 10],68,-4,1
1455,g1455,61,[61 12  6],79,-3,2
1456,g1456,100,[100  39],139,-2,2
1457,g1457,100,[100  66  38  17  11],232,-1,1
1458,g1458,100,[100  11],211,-1,1
1459,g1459,100,[100  58  45   7   6],216,0,1
1460,g1460,100,[100  29],229,-26,2
1461,g1461,87,[87  3],90,-27,1
1462,g1462,24,[24  2],26,-27,1
1463,g1463,100,[100  76],176,-26,2
1464,g1464,100,[100  24  13   9   2],148,-25,2
1465,g1465,100,[100  24],224,-25,2
1466,g1466,100,[100  86  62  23   1],272,-24,2
1467,g1467,72,[72  1],73,-25,1
1468,g1468,30,[30 19 14],93,-26,4
1469,g1469,45,[45 19  9],73,-26,4
1470,g1470,41,[41  7  6],54,-25,2
1471,g1471,100,[100  59],159,-24,2
1472,g1472,100,[100  43  30   7   6],186,-23,2
1473,g1473,100,[100  23],223,-23,2
1474,g1474,100,[100  71  46  18   7],242,-22,2
1475,g1475,73,[73  5],78,-23,1
1476,g1476,12,[12 10  6],28,-25,1
1477,g1477,34,[34],34,-26,3
1478,g1478,7,[7 5],12,-25,1
1479,g1479,9,[9 5],23,-25,1
1480,g1480,27,[27 18  8  2],55,-24,4
1481,g1481,40,[40 15  4],59,-25,1
1482,g1482,49,[49 18 15  2],99,-24,4
1483,g1483,48,[48 10  2],60,-23,2
1484,g1484,100,[100  52],152,-22,2
1485,g1485,100,[100  56  35  12   9],212,-21,2
1486,g1486,100,[100  19],219,-21,2
1487,g1487,100,[100  61  42  14   5],222,-20,2
1488,g1488,66,[66  5],71,-21,1
1489,g1489,13,[13  5  4  1],23,-23,1
1490,g1490,37,[37],37,-24,3
1491,g1491,8,[8 2],10,-23,1
1492,g1492,11,[11  2],24,-23,1
1493,g1493,30,[30 18 10  1],59,-22,4
1494,g1494,46,[46 21  2],69,-23,1
1495,g1495,56,[56 21 18  3],116,-22,4
1496,g1496,50,[50  8  4],62,-21,2
1497,g1497,100,[100  49],149,-20,2
1498,g1498,100,[100  60  43  10   7],220,-19,2
1499,g1499,100,[100  29],229,-19,2
1500,g1500,100,[100  62  38  12],224,-18,2
1501,g1501,67,[67  4],71,-19,1
1502,g1502,14,[14  6  4  2],26,-21,1
1503,g1503,30,[30],30,-22,3
1504,g1504,7,[7 3 1],11,-21,1
1505,g1505,8,[8 3],19,-21,1
1506,g1506,29,[29 19 10  2],60,-20,4
1507,g1507,44,[44 24  3],71,-21,1
1508,g1508,52,[52 24 19 16  3],114,-20,4
1509,g1509,51,[51 10  4],65,-19,2
1510,g1510,100,[100  47],147,-18,2
1511,g1511,100,[100  60  40  10],220,-17,2
1512,g1512,100,[100  26],226,-17,2
1513,g1513,100,[100  57  37  13   7],214,-16,2
1514,g1514,66,[66  4],70,-17,1
1515,g1515,18,[18  9  6  4],37,-19,1
1516,g1516,33,[33],33,-20,3
1517,g1517,9,[9 3 1],13,-19,1
1518,g1518,12,[12  3],27,-19,1
1519,g1519,33,[33 19  8  2],64,-18,4
1520,g1520,40,[40 21  3],64,-19,1
1521,g1521,52,[52 21 19 15  5],112,-18,4
1522,g1522,56,[56  9  7],72,-17,2
1523,g1523,100,[100  44],144,-16,2
1524,g1524,100,[100  67  45  11],234,-15,2
1525,g1525,100,[100  22],222,-15,2
1526,g1526,100,[100  56  39  12   5],212,-14,2
1527,g1527,60,[60  3],63,-15,1
1528,g1528,14,[14  8  5],27,-17,1
1529,g1529,29,[29],29,-18,3
1530,g1530,4,[4 1],5,-17,1
1531,g1531,9,[9 1],19,-17,1
1532,g1532,28,[28 19 10  4],61,-16,4
1533,g1533,48,[48 28  7],83,-17,1
1534,g1534,57,[57 28 19 16  5],125,-16,4
1535,g1535,57,[57  7  5],69,-15,2
1536,g1536,100,[100  42],142,-14,2
1537,g1537,100,[100  58  40   9],216,-13,2
1538,g1538,100,[100  23],223,-13,2
1539,g1539,100,[100  60  38  13   9],220,-12,2
1540,g1540,57,[57  8],65,-13,1
1541,g1541,14,[14  5  2],26,-15,1
1542,g1542,29,[29],29,-16,3
1543,g1543,6,[6 2],8,-15,1
1544,g1544,11,[11  2],24,-15,1
1545,g1545,26,[26 14  7  4  1],52,-14,4
1546,g1546,41,[41 24  5],70,-15,1
1547,g1547,48,[48 24 15 14  2],103,-14,4
1548,g1548,61,[61  8  7],76,-13,2
1549,g1549,100,[100  37],137,-12,2
1550,g1550,100,[100  62  42  11   9],224,-11,2
1551,g1551,100,[100  24],224,-11,2
1552,g1552,100,[100  60  39  11  10],220,-10,2
1553,g1553,61,[61  3],64,-11,1
1554,g1554,13,[13  8  4],25,-13,1
1555,g1555,28,[28],28,-14,3
1556,g1556,11,[11  9],20,-13,1
1557,g1557,16,[16  9],41,-13,1
1558,g1558,32,[32 16  8  3],59,-12,4
1559,g1559,38,[38 26  6],70,-13,1
1560,g1560,56,[56 26 19 16  7],124,-12,4
1561,g1561,61,[61  6  5],72,-11,2
1562,g1562,100,[100  38],138,-10,2
1563,g1563,100,[100  63  40  13  10],226,-9,2
1564,g1564,100,[100  29],229,-9,2
1565,g1565,100,[100  59  39  12   8],218,-8,2
1566,g1566,67,[67  8],75,-9,1
1567,g1567,14,[14  7  4],25,-11,1
1568,g1568,32,[32],32,-12,3
1569,g1569,6,[6 5],11,-11,1
1570,g1570,10,[10  5],25,-11,1
1571,g1571,28,[28 17  9  3  1],58,-10,4
1572,g1572,45,[45 24  3],72,-11,1
1573,g1573,51,[51 24 19 17  1],112,-10,4
1574,g1574,57,[57 12  6],75,-9,2
1575,g1575,100,[100  40],140,-8,2
1576,g1576,100,[100  59  32  17  10],218,-7,2
1577,g1577,100,[100  25],225,-7,2
1578,g1578,100,[100  72  38  20  14],244,-6,2
1579,g1579,67,[67  7],74,-7,1
1580,g1580,14,[14  5  1],21,-9,1
1581,g1581,25,[25],25,-10,3
1582,g1582,9,[9 1],10,-9,1
1583,g1583,11,[11  1],23,-9,1
1584,g1584,31,[31 18 10  3  2],64,-8,4
1585,g1585,36,[36 24  5],65,-9,1
1586,g1586,50,[50 24 18 15  7],114,-8,4
1587,g1587,54,[54  9  6],69,-7,2
1588,g1588,100,[100  44],144,-6,2
1589,g1589,100,[100  55  32  16   7],210,-5,2
1590,g1590,100,[100  26],226,-5,2
1591,g1591,100,[100  68  41  20   7],236,-4,2
1592,g1592,64,[64  5],69,-5,1
1593,g1593,15,[15  4  2],23,-7,1
1594,g1594,33,[33],33,-8,3
1595,g1595,9,[9 3],12,-7,1
1596,g1596,16,[16  3],35,-7,1
1597,g1597,31,[31 14  8  2  1],56,-6,4
1598,g1598,36,[36 20  3],59,-7,1
1599,g1599,48,[48 20 18 14  4],104,-6,4
1600,g1600,57,[57  8  7],72,-5,2
1601,g1601,100,[100  41],141,-4,2
1602,g1602,100,[100  88  40  37  11],276,-3,2
1603,g1603,100,[100  26],126,-3,2
1604,g1604,100,[100  89  38  13],278,-2,2
1605,g1605,58,[58  6],64,-3,1
1606,g1606,11,[11  2  1],15,-5,1
1607,g1607,30,[30],30,-6,3
1608,g1608,9,[9 2 1],12,-5,1
1609,g1609,15,[15  2],32,-5,1
1610,g1610,24,[24  8  5  3  1],41,-4,4
1611,g1611,32,[32 18  5],55,-5,1
1612,g1612,42,[42 18 15  8  2],85,-4,4
1613,g1613,66,[66 36 15 10],127,-3,2
1614,g1614,100,[100  34],134,-2,2
1615,g1615,100,[100  87  40  36  11],274,-1,2
1616,g1616,58,[58  7],65,-2,2
1617,g1617,11,[11  2],13,-4,1
1618,g1618,22,[22 13  2],37,-4,1
1619,g1619,23,[23 13],59,-4,1
1620,g1620,28,[28  5  4],37,-3,1
1621,g1621,31,[31 24  5],60,-4,1
1622,g1622,48,[48 24 21],93,-3,1
1623,g1623,66,[66 31  7  5],109,-2,2
1624,g1624,100,[100  34],234,-1,1
1625,g1625,100,[100  88  41  35  12],276,0,1
1626,g1626,100,[100  25],225,-24,2
1627,g1627,86,[86],86,-25,1
1628,g1628,24,[24  4],28,-25,1
1629,g1629,100,[100  76],176,-24,2
1630,g1630,100,[100  27  17   6   4],154,-23,2
1631,g1631,100,[100  27],227,-23,2
1632,g1632,100,[100  82  61  18   3],264,-22,2
1633,g1633,71,[71  4],75,-23,1
1634,g1634,43,[43  3],46,-23,1
1635,g1635,100,[100  57],157,-22,2
1636,g1636,100,[100  44  30   8   6],188,-21,2
1637,g1637,100,[100  19],219,-21,2
1638,g1638,100,[100  69  50  12   7],238,-20,2
1639,g1639,61,[61  2],63,-21,1
1640,g1640,56,[56  8],64,-21,1
1641,g1641,100,[100  44],144,-20,2
1642,g1642,100,[100  52  35   9   8],204,-19,2
1643,g1643,100,[100  23],223,-19,2
1644,g1644,100,[100  70  40  16  14],240,-18,2
1645,g1645,62,[62  9],71,-19,1
1646,g1646,60,[60  4],64,-19,1
1647,g1647,100,[100  40],140,-18,2
1648,g1648,100,[100  58  36  12  10],216,-17,2
1649,g1649,100,[100  26],226,-17,2
1650,g1650,100,[100  62  42  10],224,-16,2
1651,g1651,57,[57  1],58,-17,1
1652,g1652,60,[60  5],65,-17,1
1653,g1653,100,[100  40],140,-16,2
1654,g1654,100,[100  57  40   9   8],214,-15,2
1655,g1655,100,[100  21],221,-15,2
1656,g1656,100,[100  58  40  11   7],216,-14,2
1657,g1657,56,[56  8],64,-15,1
1658,g1658,67,[67  8],75,-15,1
1659,g1659,100,[100  33],133,-14,2
1660,g1660,100,[100  60  37  16   7],220,-13,2
1661,g1661,100,[100  18],218,-13,2
1662,g1662,100,[100  67  40  16  11],234,-12,2
1663,g1663,60,[60  6],66,-13,1
1664,g1664,58,[58  5],63,-13,1
1665,g1665,100,[100  42],142,-12,2
1666,g1666,100,[100  54  36  13   5],208,-11,2
1667,g1667,100,[100  26],226,-11,2
1668,g1668,100,[100  64  45  14   5],228,-10,2
1669,g1669,60,[60  8],68,-11,1
1670,g1670,62,[62  6],68,-11,1
1671,g1671,100,[100  38],138,-10,2
1672,g1672,100,[100  58  36  14   8],216,-9,2
1673,g1673,100,[100  25],225,-9,2
1674,g1674,100,[100  64  40  16   8],228,-8,2
1675,g1675,59,[59  6],65,-9,1
1676,g1676,63,[63  7],70,-9,1
1677,g1677,100,[100  37],137,-8,2
1678,g1678,100,[100  60  38  14   8],220,-7,2
1679,g1679,100,[100  34],234,-7,2
1680,g1680,100,[100  65  40  14  11],230,-6,2
1681,g1681,72,[72  6],78,-7,1
1682,g1682,59,[59  9],68,-7,1
1683,g1683,100,[100  41],141,-6,2
1684,g1684,100,[100  63  32  17  14],226,-5,2
1685,g1685,100,[100  23],223,-5,2
1686,g1686,100,[100  66  36  18  12],232,-4,2
1687,g1687,68,[68  3],71,-5,1
1688,g1688,55,[55  7],62,-5,1
1689,g1689,100,[100  45],145,-4,2
1690,g1690,100,[100  64  41  12  11],228,-3,2
1691,g1691,100,[100  22],222,-3,2
1692,g1692,100,[100  62  34  15  13],224,-2,2
1693,g1693,62,[62 10],72,-3,1
1694,g1694,100,[100  37   7],144,-2,2
1695,g1695,100,[100  66  41  15  10],232,-1,2
1696,g1696,65,[65 11],141,-2,2
1697,g1697,60,[60 21 11],92,-2,2
1698,g1698,100,[100  40],240,-1,1
1699,g1699,100,[100  60  35  16   9],220,0,1
1700,g1700,100,[100  27],227,-22,2
1701,g1701,82,[82  1],83,-23,1
1702,g1702,27,[27  1],28,-23,1
1703,g1703,100,[100  73],173,-22,2
1704,g1704,100,[100  22  13   8   1],144,-21,2
1705,g1705,100,[100  20],220,-21,2
1706,g1706,100,[100  88  70  16   2],276,-20,2
1707,g1707,69,[69  2],71,-21,1
1708,g1708,44,[44  2],46,-21,1
1709,g1709,100,[100  56],156,-20,2
1710,g1710,100,[100  29  16  12   1],158,-19,2
1711,g1711,100,[100  18],218,-19,2
1712,g1712,100,[100  89  54  29   6],278,-18,2
1713,g1713,70,[70  7],77,-19,1
1714,g1714,52,[52  4],56,-19,1
1715,g1715,100,[100  48],148,-18,2
1716,g1716,100,[100  52  30  12  10],204,-17,2
1717,g1717,100,[100  23],223,-17,2
1718,g1718,100,[100  67  44  14   9],234,-16,2
1719,g1719,62,[62  5],67,-17,1
1720,g1720,58,[58  5],63,-17,1
1721,g1721,100,[100  42],142,-16,2
1722,g1722,100,[100  54  34  13   7],208,-15,2
1723,g1723,100,[100  20],220,-15,2
1724,g1724,100,[100  66  47  12   7],232,-14,2
1725,g1725,58,[58  7],65,-15,1
1726,g1726,57,[57  7],64,-15,1
1727,g1727,100,[100  43],143,-14,2
1728,g1728,100,[100  52  37   9   6],204,-13,2
1729,g1729,100,[100  25],225,-13,2
1730,g1730,100,[100  65  45  12   8],230,-12,2
1731,g1731,67,[67  7],74,-13,1
1732,g1732,60,[60  7],67,-13,1
1733,g1733,100,[100  40],140,-12,2
1734,g1734,100,[100  60  33  14  13],220,-11,2
1735,g1735,100,[100  20],220,-11,2
1736,g1736,100,[100  65  40  14  11],230,-10,2
1737,g1737,64,[64  3],67,-11,1
1738,g1738,54,[54  7],61,-11,1
1739,g1739,100,[100  46],146,-10,2
1740,g1740,100,[100  57  39  10   8],214,-9,2
1741,g1741,100,[100  24],224,-9,2
1742,g1742,100,[100  62  37  16   9],224,-8,2
1743,g1743,64,[64  6],70,-9,1
1744,g1744,58,[58  7],65,-9,1
1745,g1745,100,[100  42],142,-8,2
1746,g1746,100,[100  66  44  12  10],232,-7,2
1747,g1747,100,[100  32],232,-7,2
1748,g1748,100,[100  58  31  14  13],216,-6,2
1749,g1749,65,[65  4],69,-7,1
1750,g1750,60,[60  5],65,-7,1
1751,g1751,100,[100  40],140,-6,2
1752,g1752,100,[100  67  42  13  12],234,-5,2
1753,g1753,100,[100  30],230,-5,2
1754,g1754,100,[100  60  37  14   9],220,-4,2
1755,g1755,66,[66  6],72,-5,1
1756,g1756,63,[63  5],68,-5,1
1757,g1757,100,[100  37],137,-4,2
1758,g1758,100,[100  88  37  34  17],276,-3,2
1759,g1759,100,[100  24],124,-3,2
1760,g1760,100,[100  86  42  32  12],272,-2,2
1761,g1761,62,[62  9],71,-3,1
1762,g1762,64,[64  6],70,-3,1
1763,g1763,100,[100  36],136,-2,2
1764,g1764,100,[100  87  43  31  13],274,-1,2
1765,g1765,60,[60 13],73,-2,2
1766,g1766,66,[66 22 10],98,-2,2
1767,g1767,100,[100  34],234,-1,1
1768,g1768,100,[100  86  44  30  12],272,0,1
1769,g1769,100,[100  20],220,-20,2
1770,g1770,88,[88  2],90,-21,1
1771,g1771,22,[22  5],27,-21,1
1772,g1772,100,[100  78],178,-20,2
1773,g1773,100,[100  23  13   5],146,-19,2
1774,g1774,100,[100  25],225,-19,2
1775,g1775,100,[100  86  58  24   4],272,-18,2
1776,g1776,89,[89  5],94,-19,1
1777,g1777,29,[29  4],33,-19,1
1778,g1778,100,[100  71],171,-18,2
1779,g1779,100,[100  45  27  11   7],190,-17,2
1780,g1780,100,[100  22],222,-17,2
1781,g1781,100,[100  74  50  16   8],248,-16,2
1782,g1782,67,[67  4],71,-17,1
1783,g1783,52,[52  7],59,-17,1
1784,g1784,100,[100  48],148,-16,2
1785,g1785,100,[100  47  28  14   5],194,-15,2
1786,g1786,100,[100  20],220,-15,2
1787,g1787,100,[100  72  53  14   5],244,-14,2
1788,g1788,66,[66  4],70,-15,1
1789,g1789,54,[54 10],64,-15,1
1790,g1790,100,[100  46],146,-14,2
1791,g1791,100,[100  54  34  12   8],208,-13,2
1792,g1792,100,[100  24],224,-13,2
1793,g1793,100,[100  68  47  14   7],236,-12,2
1794,g1794,65,[65  6],71,-13,1
1795,g1795,52,[52  2],54,-13,1
1796,g1796,100,[100  48],148,-12,2
1797,g1797,100,[100  46  29  10   7],192,-11,2
1798,g1798,100,[100  26],226,-11,2
1799,g1799,100,[100  70  51  13   6],240,-10,2
1800,g1800,65,[65  3],68,-11,1
1801,g1801,60,[60  9],69,-11,1
1802,g1802,100,[100  40],140,-10,2
1803,g1803,100,[100  59  34  16   9],218,-9,2
1804,g1804,100,[100  25],225,-9,2
1805,g1805,100,[100  62  38  12],224,-8,2
1806,g1806,62,[62  6],68,-9,1
1807,g1807,57,[57  6],63,-9,1
1808,g1808,100,[100  43],143,-8,2
1809,g1809,100,[100  56  37  13   6],212,-7,2
1810,g1810,100,[100  29],229,-7,2
1811,g1811,100,[100  70  40  17  13],240,-6,2
1812,g1812,58,[58  7],65,-7,1
1813,g1813,66,[66  3],69,-7,1
1814,g1814,100,[100  34],134,-6,2
1815,g1815,100,[100  62  38  15   9],224,-5,2
1816,g1816,100,[100  29],229,-5,2
1817,g1817,100,[100  59  35  12],218,-4,2
1818,g1818,60,[60  6],66,-5,1
1819,g1819,67,[67  9],76,-5,1
1820,g1820,100,[100  33],133,-4,2
1821,g1821,100,[100  66  39  14  13],232,-3,2
1822,g1822,100,[100  29],229,-3,2
1823,g1823,100,[100  58  37  11  10],216,-2,2
1824,g1824,58,[58  4],62,-3,1
1825,g1825,100,[100  34   7],141,-2,2
1826,g1826,100,[100  66  42  13  11],232,-1,2
1827,g1827,56,[56 12],124,-2,2
1828,g1828,69,[69 19  7],95,-2,2
1829,g1829,100,[100  31],231,-1,1
1830,g1830,100,[100  56  31  14  11],212,0,1
1831,g1831,100,[100  27],227,-18,2
1832,g1832,86,[86  1],87,-19,1
1833,g1833,23,[23  1],24,-19,1
1834,g1834,100,[100  77],177,-18,2
1835,g1835,100,[100  27  18   8   1],154,-17,2
1836,g1836,100,[100  30],230,-17,2
1837,g1837,100,[100  82  66  15   1],264,-16,2
1838,g1838,74,[74  5],79,-17,1
1839,g1839,45,[45  7],52,-17,1
1840,g1840,100,[100  55],155,-16,2
1841,g1841,100,[100  39  20  13   6],178,-15,2
1842,g1842,100,[100  21],221,-15,2
1843,g1843,100,[100  79  61  13   5],258,-14,2
1844,g1844,72,[72  3],75,-15,1
1845,g1845,47,[47 11],58,-15,1
1846,g1846,100,[100  53],153,-14,2
1847,g1847,100,[100  44  25  10   9],188,-13,2
1848,g1848,100,[100  26],226,-13,2
1849,g1849,100,[100  70  51  14   5],240,-12,2
1850,g1850,68,[68  7],75,-13,1
1851,g1851,54,[54  5],59,-13,1
1852,g1852,100,[100  46],146,-12,2
1853,g1853,100,[100  57  35  13   9],214,-11,2
1854,g1854,100,[100  27],227,-11,2
1855,g1855,100,[100  60  42  10   8],220,-10,2
1856,g1856,70,[70  3],73,-11,1
1857,g1857,46,[46  6],52,-11,1
1858,g1858,100,[100  54],154,-10,2
1859,g1859,100,[100  59  43   9   7],218,-9,2
1860,g1860,100,[100  26],226,-9,2
1861,g1861,100,[100  60  37  12  11],220,-8,2
1862,g1862,62,[62  3],65,-9,1
1863,g1863,59,[59  5],64,-9,1
1864,g1864,100,[100  41],141,-8,2
1865,g1865,100,[100  62  41  11  10],224,-7,2
1866,g1866,100,[100  36],236,-7,2
1867,g1867,100,[100  60  37  12  11],220,-6,2
1868,g1868,70,[70  9],79,-7,1
1869,g1869,56,[56  4],60,-7,1
1870,g1870,100,[100  44],144,-6,2
1871,g1871,100,[100  60  34  17   9],220,-5,2
1872,g1872,100,[100  30],230,-5,2
1873,g1873,100,[100  66  43  14   9],232,-4,2
1874,g1874,59,[59  5],64,-5,1
1875,g1875,62,[62  6],68,-5,1
1876,g1876,100,[100  38],138,-4,2
1877,g1877,100,[100  89  42  37  10],278,-3,2
1878,g1878,100,[100  23],123,-3,2
1879,g1879,100,[100  83  37  36  10],266,-2,2
1880,g1880,58,[58  5],63,-3,1
1881,g1881,66,[66  8],74,-3,1
1882,g1882,100,[100  34],134,-2,2
1883,g1883,100,[100  85  39  37   9],270,-1,2
1884,g1884,56,[56 10],66,-2,2
1885,g1885,66,[66 18  7],91,-2,2
1886,g1886,100,[100  34],234,-1,1
1887,g1887,100,[100  91  43  35  13],282,0,1
1888,g1888,100,[100  28],228,-16,2
1889,g1889,82,[82  1],83,-17,1
1890,g1890,27,[27  4],31,-17,1
1891,g1891,100,[100  73],173,-16,2
1892,g1892,100,[100  22  13   5   4],144,-15,2
1893,g1893,100,[100  22],222,-15,2
1894,g1894,100,[100  86  69  14   3],272,-14,2
1895,g1895,79,[79  3],82,-15,1
1896,g1896,39,[39  9],48,-15,1
1897,g1897,100,[100  61],161,-14,2
1898,g1898,100,[100  36  18  10   8],172,-13,2
1899,g1899,100,[100  20],220,-13,2
1900,g1900,100,[100  83  58  16   9],266,-12,2
1901,g1901,70,[70  3],73,-13,1
1902,g1902,44,[44  7],51,-13,1
1903,g1903,100,[100  56],156,-12,2
1904,g1904,100,[100  42  28   9   5],184,-11,2
1905,g1905,100,[100  18],218,-11,2
1906,g1906,100,[100  71  44  19   8],242,-10,2
1907,g1907,60,[60  4],64,-11,1
1908,g1908,57,[57  3],60,-11,1
1909,g1909,100,[100  43],143,-10,2
1910,g1910,100,[100  53  36  12   5],206,-9,2
1911,g1911,100,[100  26],226,-9,2
1912,g1912,100,[100  68  45  14   9],236,-8,2
1913,g1913,60,[60  6],66,-9,1
1914,g1914,59,[59  5],64,-9,1
1915,g1915,100,[100  41],141,-8,2
1916,g1916,100,[100  57  38  11   8],214,-7,2
1917,g1917,100,[100  30],230,-7,2
1918,g1918,100,[100  65  36  15  14],230,-6,2
1919,g1919,60,[60  9],69,-7,1
1920,g1920,62,[62  6],68,-7,1
1921,g1921,100,[100  38],138,-6,2
1922,g1922,100,[100  61  39  11],222,-5,2
1923,g1923,100,[100  25],225,-5,2
1924,g1924,100,[100  63  35  15  13],226,-4,2
1925,g1925,66,[66  5],71,-5,1
1926,g1926,60,[60 11],71,-5,1
1927,g1927,100,[100  40],140,-4,2
1928,g1928,100,[100  64  38  14  12],228,-3,2
1929,g1929,100,[100  25],225,-3,2
1930,g1930,100,[100  63  38  13  12],226,-2,2
1931,g1931,63,[63  4],67,-3,1
1932,g1932,100,[100  42   7],149,-2,2
1933,g1933,100,[100  59  38  11  10],218,-1,2
1934,g1934,65,[65 11],141,-2,2
1935,g1935,63,[63 14 13],90,-2,2
1936,g1936,100,[100  37],237,-1,1
1937,g1937,100,[100  65  37  15  13],230,0,1
1938,g1938,100,[100  23],223,-14,2
1939,g1939,86,[86],86,-15,1
1940,g1940,22,[22  4],26,-15,1
1941,g1941,100,[100  78],178,-14,2
1942,g1942,100,[100  20  12   4],140,-13,2
1943,g1943,100,[100  22],222,-13,2
1944,g1944,100,[100  86  63  21   2],272,-12,2
1945,g1945,83,[83  2],85,-13,1
1946,g1946,36,[36  4],40,-13,1
1947,g1947,100,[100  64],164,-12,2
1948,g1948,100,[100  41  22  13   6],182,-11,2
1949,g1949,100,[100  24],224,-11,2
1950,g1950,100,[100  77  56  16   5],254,-10,2
1951,g1951,71,[71  5],76,-11,1
1952,g1952,42,[42  1],43,-11,1
1953,g1953,100,[100  58],158,-10,2
1954,g1954,100,[100  44  31   8   5],188,-9,2
1955,g1955,100,[100  21],221,-9,2
1956,g1956,100,[100  70  42  22   6],240,-8,2
1957,g1957,68,[68  7],75,-9,1
1958,g1958,53,[53  5],58,-9,1
1959,g1959,100,[100  47],147,-8,2
1960,g1960,100,[100  65  44  13   8],230,-7,2
1961,g1961,100,[100  35],235,-7,2
1962,g1962,100,[100  53  29  14  10],206,-6,2
1963,g1963,65,[65  8],73,-7,1
1964,g1964,57,[57  3],60,-7,1
1965,g1965,100,[100  43],143,-6,2
1966,g1966,100,[100  68  46  15   7],236,-5,2
1967,g1967,100,[100  32],232,-5,2
1968,g1968,100,[100  58  37  11  10],216,-4,2
1969,g1969,63,[63  9],72,-5,1
1970,g1970,61,[61  5],66,-5,1
1971,g1971,100,[100  39],139,-4,2
1972,g1972,100,[100  84  40  36   8],268,-3,2
1973,g1973,100,[100  27],127,-3,2
1974,g1974,100,[100  87  43  34  10],274,-2,2
1975,g1975,63,[63  6],69,-3,1
1976,g1976,64,[64  6],70,-3,1
1977,g1977,100,[100  36],136,-2,2
1978,g1978,100,[100  89  37  36  16],278,-1,2
1979,g1979,65,[65 13],78,-2,2
1980,g1980,59,[59 21  9],89,-2,2
1981,g1981,100,[100  41],241,-1,1
1982,g1982,100,[100  95  43  33  19],290,0,1
1983,g1983,100,[100  23],223,-12,2
1984,g1984,86,[86  1],87,-13,1
1985,g1985,20,[20],20,-13,1
1986,g1986,100,[100  80],180,-12,2
1987,g1987,100,[100  22  16   6],144,-11,2
1988,g1988,100,[100  24],224,-11,2
1989,g1989,100,[100  87  66  18   3],274,-10,2
1990,g1990,77,[77  3],80,-11,1
1991,g1991,41,[41 11],52,-11,1
1992,g1992,100,[100  59],159,-10,2
1993,g1993,100,[100  39  21  10   8],178,-9,2
1994,g1994,100,[100  23],223,-9,2
1995,g1995,100,[100  78  52  19   7],256,-8,2
1996,g1996,70,[70  4],74,-9,1
1997,g1997,44,[44  4],48,-9,1
1998,g1998,100,[100  56],156,-8,2
1999,g1999,100,[100  47  33   8   6],194,-7,2
2000,g2000,100,[100  27],227,-7,2
2001,g2001,100,[100  73  41  20  12],246,-6,2
2002,g2002,53,[53  6],59,-7,1
2003,g2003,65,[65  3],68,-7,1
2004,g2004,100,[100  35],135,-6,2
2005,g2005,100,[100  54  36  11   7],208,-5,2
2006,g2006,100,[100  29],229,-5,2
2007,g2007,100,[100  65  41  16   8],230,-4,2
2008,g2008,58,[58  8],66,-5,1
2009,g2009,68,[68 12],80,-5,1
2010,g2010,100,[100  32],132,-4,2
2011,g2011,100,[100  58  32  19   7],216,-3,2
2012,g2012,100,[100  26],226,-3,2
2013,g2013,100,[100  69  45  16   8],238,-2,2
2014,g2014,66,[66  7],73,-3,1
2015,g2015,100,[100  40  10],150,-2,2
2016,g2016,100,[100  62  36  15  11],224,-1,2
2017,g2017,67,[67 14],148,-2,2
2018,g2018,63,[63 19 10],92,-2,2
2019,g2019,100,[100  37],237,-1,1
2020,g2020,100,[100  65  35  16  14],230,0,1
2021,g2021,100,[100  30],230,-10,2
2022,g2022,87,[87  3],90,-11,1
2023,g2023,22,[22  4],26,-11,1
2024,g2024,100,[100  78],178,-10,2
2025,g2025,100,[100  19  10   5   4],138,-9,2
2026,g2026,100,[100  34],234,-9,2
2027,g2027,100,[100  89  74  12   3],278,-8,2
2028,g2028,78,[78  3],81,-9,1
2029,g2029,39,[39  7],46,-9,1
2030,g2030,100,[100  61],161,-8,2
2031,g2031,100,[100  34  17  11   6],168,-7,2
2032,g2032,100,[100  31],231,-7,2
2033,g2033,100,[100  81  53  19   9],262,-6,2
2034,g2034,73,[73  9],82,-7,1
2035,g2035,47,[47  4],51,-7,1
2036,g2036,100,[100  53],153,-6,2
2037,g2037,100,[100  46  26  12   8],192,-5,2
2038,g2038,100,[100  29],229,-5,2
2039,g2039,100,[100  73  49  17   7],246,-4,2
2040,g2040,65,[65  5],70,-5,1
2041,g2041,54,[54  5],59,-5,1
2042,g2042,100,[100  46],146,-4,2
2043,g2043,100,[100  92  45  36  11],284,-3,2
2044,g2044,100,[100  28],128,-3,2
2045,g2045,100,[100  89  42  36  11],278,-2,2
2046,g2046,69,[69  5],74,-3,1
2047,g2047,58,[58  9],67,-3,1
2048,g2048,100,[100  42],142,-2,2
2049,g2049,100,[100  85  41  32  12],270,-1,2
2050,g2050,65,[65 11],76,-2,2
2051,g2051,62,[62 17 10],89,-2,2
2052,g2052,100,[100  38],238,-1,1
2053,g2053,100,[100  85  41  32  12],270,0,1
2054,g2054,100,[100  29],229,-8,2
2055,g2055,89,[89  2],91,-9,1
2056,g2056,19,[19  2],21,-9,1
2057,g2057,100,[100  81],181,-8,2
2058,g2058,100,[100  22  14   6   2],144,-7,2
2059,g2059,100,[100  32],232,-7,2
2060,g2060,100,[100  85  58  26   1],270,-6,2
2061,g2061,81,[81  3],84,-7,1
2062,g2062,34,[34  4],38,-7,1
2063,g2063,100,[100  66],166,-6,2
2064,g2064,100,[100  44  29  12   3],188,-5,2
2065,g2065,100,[100  27],227,-5,2
2066,g2066,100,[100  74  48  20   6],248,-4,2
2067,g2067,73,[73  4],77,-5,1
2068,g2068,46,[46  6],52,-5,1
2069,g2069,100,[100  54],154,-4,2
2070,g2070,100,[100  54  35  11   8],208,-3,2
2071,g2071,100,[100  21],221,-3,2
2072,g2072,100,[100  66  37  20   9],232,-2,2
2073,g2073,64,[64  5],69,-3,1
2074,g2074,100,[100  45   5],150,-2,2
2075,g2075,100,[100  59  40  14   5],218,-1,2
2076,g2076,68,[68 10],146,-2,2
2077,g2077,59,[59 16 13],88,-2,2
2078,g2078,100,[100  41],241,-1,1
2079,g2079,100,[100  69  42  14  13],238,0,1
2080,g2080,100,[100  37],237,-6,2
2081,g2081,85,[85],85,-7,1
2082,g2082,22,[22  3],25,-7,1
2083,g2083,100,[100  78],178,-6,2
2084,g2084,100,[100  25  18   4   3],150,-5,2
2085,g2085,100,[100  32],232,-5,2
2086,g2086,100,[100  83  62  17   4],266,-4,2
2087,g2087,74,[74  4],78,-5,1
2088,g2088,44,[44  7],51,-5,1
2089,g2089,100,[100  56],156,-4,2
2090,g2090,100,[100  89  59  23   7],278,-3,2
2091,g2091,100,[100  26],126,-3,2
2092,g2092,100,[100  83  53  23   7],266,-2,2
2093,g2093,66,[66  4],70,-3,1
2094,g2094,54,[54  5],59,-3,1
2095,g2095,100,[100  46],146,-2,2
2096,g2096,100,[100  89  51  29   9],278,-1,2
2097,g2097,69,[69 13],82,-2,2
2098,g2098,59,[59 15 11],85,-2,2
2099,g2099,100,[100  41],241,-1,1
2100,g2100,100,[100  84  46  26  12],268,0,1
2101,g2101,100,[100  28],228,-4,2
2102,g2102,83,[83  3],86,-5,1
2103,g2103,25,[25  2],27,-5,1
2104,g2104,100,[100  75],175,-4,2
2105,g2105,100,[100  27  19   6   2],154,-3,2
2106,g2106,100,[100  24],224,-3,2
2107,g2107,100,[100  82  56  23   3],264,-2,2
2108,g2108,77,[77  3],80,-3,1
2109,g2109,100,[100  59   6],165,-2,2
2110,g2110,100,[100  48  30  11   7],196,-1,2
2111,g2111,74,[74  9],157,-2,2
2112,g2112,49,[49 12 10],71,-2,2
2113,g2113,100,[100  51],251,-1,1
2114,g2114,100,[100  74  51  12  11],248,0,1
2115,g2115,100,[100  27],227,-2,2
2116,g2116,82,[82  1],83,-3,1
2117,g2117,27,[27  3],30,-3,1
2118,g2118,100,[100  73],173,-2,2
2119,g2119,89,[89  9],98,-1,1
2120,g2120,100,[100],100,-2,1
2121,g2121,100,[100  83  74   6   3],266,-1,2
2122,g2122,74,[74 10],84,-2,1
2123,g2123,48,[48 15  7],70,-2,1
2124,g2124,100,[100  52],252,-1,2
2125,g2125,100,[100  74   4],178,0,1
2126,g2126,100,[100  87  67  11   9],274,0,1
