,logic_gate,max,unique,sum,Deep,Fanouts
0,g0000,100,[100  33],333,0,1
1,g0001,100,[100  58  29   9  21],517,0,1
2,g0002,100,[ 98  21  17 100  42  22   9],330,0,2
3,g0003,100,[100   2  44  15   5],266,0,2
4,g0004,100,[100  53  19   7  46  14   5],444,0,2
5,g0005,100,[ 93  26  20  16 100  49  22  11],337,0,2
6,g0006,100,[100   7  63],170,-1,4
7,g0007,100,[100  98  65  33  30],426,0,1
8,g0008,100,[100  26  35  11],272,0,1
9,g0009,100,[100  82  49  31   2  17],481,0,1
10,g0010,100,[100  53  26   5  86],370,-3,28
11,g0011,100,[ 93  20  17 100  25],272,-2,1
12,g0012,100,[100   7  50],157,-3,3
13,g0013,100,[100  47  40   4   3  26],320,-2,1
14,g0014,100,[100  22  86  68  10   8],494,-1,11
15,g0015,100,[100  66  42  14  10  63  39  12],458,0,1
16,g0016,100,[ 69 100],169,-2,10
17,g0017,100,[100  65   2  28],395,-2,2
18,g0018,100,[100  98  50  46   2  64  44  12   8],524,-2,4
19,g0019,100,[100  25  30],355,-2,4
20,g0020,100,[100  87  39  35  13  61  43   5],496,-1,3
21,g0021,100,[100  49  24  10  31   3],317,-2,3
22,g0022,100,[ 89  20  18  15 100],242,-2,3
23,g0023,100,[100  11  39],150,-3,1
24,g0024,100,[100  48  41   4   3  29  20  17],362,-2,3
25,g0025,100,[100  24  77  34  19],478,-1,10
26,g0026,100,[100  66  44  11],332,-2,3
27,g0027,66,[66  3 39],108,-3,3
28,g0028,100,[  3   1 100  26  20  17],167,-2,2
29,g0029,100,[ 35   2 100  77  36  22  19],328,-1,9
30,g0030,47,[47 10  1 23  6],87,-4,2
31,g0031,100,[100  53  90  32],275,-3,25
32,g0032,100,[100  52  39   7   6  25  19],348,-2,3
33,g0033,100,[100  25  75  30  27  18],475,-1,6
34,g0034,100,[100  64  38  16  10  22],250,-4,3
35,g0035,65,[65 13 39],117,-3,1
36,g0036,100,[100  50   1  28  19  16],314,-2,3
37,g0037,100,[100  92  44  41   7  46  30  15   8],390,-4,4
38,g0038,100,[100  26  39],265,-3,2
39,g0039,100,[100  29  20  14],263,-2,3
40,g0040,100,[100  87  42  36   9  77  32  26  19],528,-1,6
41,g0041,100,[100  51  26  11  15  10   3   1],332,-3,3
42,g0042,91,[91 19 15 11],166,-2,3
43,g0043,100,[100   9],209,-4,2
44,g0044,100,[100  52  41   7   4  39],243,-5,2
45,g0045,100,[100  17  28  20  19],384,-4,2
46,g0046,100,[100  67  38  15  14  81  34  24  23],496,-3,3
47,g0047,100,[ 66   2 100],168,-2,6
48,g0048,39,[ 4  2  1 39],46,-4,2
49,g0049,100,[ 36   1 100  28  22  19],243,-3,3
50,g0050,100,[ 48  11   2 100  82  32  28  22],325,-2,3
51,g0051,100,[100  52  39],191,-4,2
52,g0052,100,[100  53  39   8   6  23  16],361,-3,2
53,g0053,100,[100  27  79  35  25  19],485,-2,7
54,g0054,100,[100  66  42  13  11],332,-4,2
55,g0055,64,[64  7 39],110,-4,2
56,g0056,100,[  4 100  27  18  16],169,-4,2
57,g0057,100,[ 15 100  75  31  25  19],265,-3,5
58,g0058,100,[  6   2 100],108,-2,6
59,g0059,19,[ 4  2 19  5  1],40,-3,4
60,g0060,100,[  6   3   1 100],110,-2,3
61,g0061,39,[32 24  1 39],96,-3,1
62,g0062,100,[ 34  24  18 100  26  20  16],238,-2,2
63,g0063,100,[ 52  10   4 100  82  28  26],330,-1,6
64,g0064,100,[100  48  21],169,-4,3
65,g0065,100,[100  54  38   9   7],308,-3,2
66,g0066,100,[100  16  52  29  27  23  21],568,-3,3
67,g0067,100,[100  74  42  19  13  78  36  22  20],504,-2,8
68,g0068,100,[ 58   7 100],165,-2,4
69,g0069,100,[100  41   3  51  29  28  22  21],495,-2,4
70,g0070,100,[100  92  52  31   9  84  36  27  21],552,-1,7
71,g0071,100,[100  26  21   5],252,-4,2
72,g0072,100,[100],200,-2,4
73,g0073,100,[100  90  50  28  12  48  27  25  23],628,-2,5
74,g0074,100,[100  53  20  13  82  35  30  17],550,-1,10
75,g0075,93,[93 24 21 15  1],154,-4,1
76,g0076,100,[100   7],207,-3,3
77,g0077,100,[100  46  37   5   4  55  29  26  24  21],547,-3,3
78,g0078,100,[100  21  79  32  24  23],479,-2,4
79,g0079,100,[100  70  45  13  12],340,-1,10
80,g0080,67,[67  4 20  8  1],100,-3,6
81,g0081,12,[12  6  3],21,-2,2
82,g0082,100,[ 42   3 100],190,-3,3
83,g0083,100,[ 52  15   3 100  48  27  25  23],418,-3,3
84,g0084,100,[100  48  69  25  23  21],386,-2,6
85,g0085,100,[100  54  35  11   8],308,-2,4
86,g0086,100,[100  19  45  31  26  24],564,-2,4
87,g0087,100,[100  67  35  19  13  81  24  22],496,-1,6
88,g0088,100,[ 66   8 100],174,-3,3
89,g0089,100,[  4 100  50  26  24],358,-3,3
90,g0090,100,[ 20   3 100  79  28  27  24],281,-2,8
91,g0091,100,[  9   3 100],112,-4,3
92,g0092,100,[  8   3   1 100  65  33  32  18  17],385,-4,3
93,g0093,100,[ 10   3   2   1 100  80  31  29  20],276,-3,7
94,g0094,33,[33 23  1 21  9  6  2],95,-3,2
95,g0095,100,[ 38  23  16   2 100],179,-2,3
96,g0096,100,[ 53  11   3 100  54  28  26  24  22],421,-2,3
97,g0097,100,[100  47  74  28  26  20],395,-1,10
98,g0098,100,[100  61  42  10   9],322,-2,4
99,g0099,100,[100  24  53  27  26  23],577,-2,4
100,g0100,100,[100  61  37  12  77  28  26  23],476,-1,10
101,g0101,74,[74 13 34  6],161,-3,2
102,g0102,100,[  1 100],101,-3,2
103,g0103,100,[ 16 100  49  26  25  24],365,-3,3
104,g0104,100,[ 10   6 100  74  33  25  16],264,-2,5
105,g0105,100,[  9   6   2 100],126,-2,4
106,g0106,100,[  6   1 100  59  32  27  23  18],366,-2,5
107,g0107,100,[ 25  19   1 100  76  31  26],297,-1,10
108,g0108,100,[ 30  19  13 100],162,-3,2
109,g0109,100,[ 54  19   1 100  52  27  25  23],426,-3,3
110,g0110,100,[100  46  70  24  22],386,-2,6
111,g0111,100,[100  63  35  16  12  28  15   9   2],280,-2,4
112,g0112,100,[100  22  24],270,-2,4
113,g0113,100,[100  68  42  15  11],336,-3,3
114,g0114,100,[ 72   8 100  57  31  26  24  19],437,-3,3
115,g0115,100,[100  52   5  80  35  25  20],417,-2,9
116,g0116,100,[100  92  45  35  12],384,-4,3
117,g0117,100,[100  18  47  28  25  22],565,-4,3
118,g0118,100,[100  70  27  26  17],340,-3,10
119,g0119,100,[100  87  40   7],374,-3,3
120,g0120,100,[100  55  23   4  48  27  25],630,-3,3
121,g0121,95,[95 24 20 14 74  7],308,-3,3
122,g0122,100,[100   5  30],135,-4,2
123,g0123,100,[100  46  39   4   3  60  14   1],267,-4,1
124,g0124,100,[100  18],318,-2,4
125,g0125,100,[100  72  44  14  50  26  24],594,-2,4
126,g0126,70,[70  1 60  8],199,-2,5
127,g0127,18,[18 13  4],53,-4,2
128,g0128,100,[ 43   2   1 100  75  29  23],339,-2,11
129,g0129,57,[45 11  4 57 12  3  1],133,-4,1
130,g0130,100,[100  54  72  18],244,-5,1
131,g0131,100,[100  51  35   9   7  76  10],288,-4,2
132,g0132,100,[100  25  82  20  11],338,-4,1
133,g0133,100,[100  70  44  14  12  95  13   8],356,-3,4
134,g0134,100,[ 67   7 100  76  30  28  18],326,-1,7
135,g0135,23,[11 23  8  2],80,-3,3
136,g0136,100,[ 30   7 100],137,-2,3
137,g0137,100,[ 13   5 100  56  29  27  23  21],374,-2,3
138,g0138,100,[ 14   5   1 100  72  28  24  20],278,-1,12
139,g0139,100,[ 20   9   5   4   1 100],139,-2,4
140,g0140,100,[ 36  23   2 100  42  32  26  24  18],403,-2,4
141,g0141,100,[ 43  23  13   9   2 100  73  29  24  20],336,-1,12
142,g0142,54,[54 13  5 27 10],136,-3,3
143,g0143,100,[100  46],246,-2,3
144,g0144,100,[100  53  32  11  10  51  26  25  24],557,-2,3
145,g0145,100,[100  25  78  32  27  19],481,-1,8
146,g0146,100,[100  71  48  14   9],342,-2,2
147,g0147,100,[ 61   7 100  50  26  24],418,-2,3
148,g0148,100,[  7   2 100  74  30  22],259,-1,11
149,g0149,52,[34 52 27 21 20  6  5],217,-3,3
150,g0150,61,[17  8  1 61 15  6],108,-2,6
151,g0151,44,[18  8  1 44 21 12  6],128,-2,3
152,g0152,61,[17  3  2  1 61],85,-3,2
153,g0153,63,[39 24  5 63 26  8],165,-3,2
154,g0154,80,[49 24 20  3  1 80 11],188,-3,4
155,g0155,61,[61 12  4 49 21  8],167,-4,1
156,g0156,100,[100  39  74  16],229,-3,2
157,g0157,100,[100  53  31  15   7  54   5],265,-4,1
158,g0158,100,[100  27  91  15   9   5],347,-3,1
159,g0159,100,[100  67  46  13   8  96  47   2],379,-2,3
160,g0160,68,[68  8 63],139,-3,3
161,g0161,5,[5 1],7,-2,3
162,g0162,37,[21 37],58,-1,2
163,g0163,71,[17  8  1 71 14],182,-3,3
164,g0164,35,[14  8  1 35],72,-4,2
165,g0165,56,[13  4  1 56  8  2],140,-5,1
166,g0166,60,[27 24  3 60],114,-2,3
167,g0167,35,[35 24 16],91,-3,4
168,g0168,100,[ 63  15   5 100],183,-2,4
169,g0169,100,[100  37  64  20],285,-2,6
170,g0170,100,[100  64  33  23   8  53  22  10   5],318,-5,1
171,g0171,100,[100  15  74  10],373,-6,1
172,g0172,100,[100  59  36  15   8  73  10],374,-3,3
173,g0173,86,[60  6 86 25 11],188,-5,1
174,g0174,100,[100  45   1  97  11   7],261,-4,1
175,g0175,100,[100  93  43  42   8],386,-1,4
176,g0176,100,[100  30],330,-1,8
177,g0177,100,[100  28   5],133,-3,4
178,g0178,100,[100  86  41  36   9  75  12],434,-3,5
179,g0179,100,[100  54  19   3  60  18  11   4],369,-3,1
180,g0180,94,[94 26 21 18 64 25 12  3],263,-3,1
181,g0181,100,[100   6  82  12],200,-3,5
182,g0182,100,[100  40  35   3   2  62  29  16   7],356,-3,1
183,g0183,100,[100  21  75  16],387,-4,1
184,g0184,100,[100  73  48  14  11  81  13],421,-3,2
185,g0185,91,[72  1 91 16  7],187,-3,1
186,g0186,100,[ 19  13   3 100  38  33  32],238,-2,5
187,g0187,100,[ 48   4   3 100  18],269,-3,3
188,g0188,46,[46 14  2 43 23],128,-2,2
189,g0189,100,[100  54  37],191,-1,2
190,g0190,100,[100  47  29  12   6  79  28   3],304,-1,4
191,g0191,100,[100  23],323,-2,3
192,g0192,100,[100  73  45  20   8  81  30  27  24],508,-1,9
193,g0193,70,[70  9  2],81,-4,1
194,g0194,67,[11  1 67 22 12  7  5],136,-3,5
195,g0195,49,[35  6 49 10  3  1],153,-3,1
196,g0196,65,[15  5  1 65],86,-4,2
197,g0197,63,[14  5 63 47 21 20  6],190,-3,7
198,g0198,73,[24 14  9  5 73 20 10  8],163,-4,4
199,g0199,55,[40 21  1 55  5  3],125,-3,1
200,g0200,82,[47 21 18 14  3 82 26  8],233,-3,4
201,g0201,51,[50 13  4 51 25 12  3],158,-5,1
202,g0202,100,[100  49  72   3],224,-5,1
203,g0203,100,[100  58  37  11  10  73  18   3],338,-3,2
204,g0204,100,[100  20  90  29  25  17],381,-4,1
205,g0205,100,[100  65  37  15  13  90],320,-3,1
206,g0206,100,[ 71   9 100  10   2],192,-2,4
207,g0207,83,[12  5  3  2 83],105,-2,2
208,g0208,100,[ 29 100  42  10],181,-1,2
209,g0209,13,[13  3  2  6],30,-4,1
210,g0210,27,[14  3  1 27  8  4  2],73,-3,5
211,g0211,49,[26 13  8  5  1 49  4],106,-3,3
212,g0212,43,[36 22  3 43],104,-2,2
213,g0213,77,[45 22 16 13  3 77 21 15  9  5],226,-3,3
214,g0214,55,[52 13  6 55  5  1],132,-4,1
215,g0215,100,[100  47  53  22   8   6   5],241,-3,3
216,g0216,100,[100  60  36  14  10  47  17   5   1],290,-4,1
217,g0217,100,[100  18  67  20  11   9   4],329,-5,1
218,g0218,100,[100  68  38  16  14  22  13   9   7],355,-3,3
219,g0219,81,[67  7 81 24  2],181,-4,1
220,g0220,97,[14  2  1 97 16 12],239,-3,1
221,g0221,64,[31 64  9],168,-3,2
222,g0222,52,[13  5  1 52  4],127,-4,1
223,g0223,33,[16  5 33 11  1],82,-5,1
224,g0224,67,[24  7  5  4 67 20  9],148,-5,1
225,g0225,79,[31 21  6 79 28  5],170,-4,1
226,g0226,38,[38 21 13  7  2 28 11],120,-2,5
227,g0227,78,[53 13  9 78],244,-2,6
228,g0228,100,[100  47  41   5   2   1],237,-4,1
229,g0229,100,[100  56  36  12   8  76],296,-3,4
230,g0230,100,[100  21  44   8   4],298,-4,1
231,g0231,100,[100  66  49  10   7  99  58  18   5],412,-3,4
232,g0232,100,[ 59   5 100  54  16],234,-2,2
233,g0233,37,[13  3 37 15],68,-1,2
234,g0234,100,[ 24 100],124,0,1
235,g0235,26,[13  5  3 26],47,-3,2
236,g0236,36,[12  5  1 36 10],76,-2,2
237,g0237,31,[17  7  3 31 24  5  2],120,-3,2
238,g0238,31,[28 23  6 31  9],97,-2,2
239,g0239,32,[32 23 16 27 24  2  1],152,-3,2
240,g0240,64,[64 15 13  5],97,-6,1
241,g0241,100,[100  36  19  18   9   5   4],209,-5,3
242,g0242,100,[100  54  31  13  10  37   5   4],254,-5,3
243,g0243,100,[100  27  20  15   4   1],287,-4,5
244,g0244,100,[100  70  44  14  12   2],242,-3,1
245,g0245,59,[59  7 11  5  4  3  1],104,-4,3
246,g0246,100,[100  43   3   2],152,-3,1
247,g0247,100,[100  95  47  37  11  15  13   6   4   3   2],348,-5,3
248,g0248,100,[100  21  27   5   4],257,-5,2
249,g0249,100,[100  12   8   7   1],128,-4,4
250,g0250,100,[100  89  41  34  14  10   8   4   1],330,-5,3
251,g0251,100,[100  55  21   7  23   5   4],315,-5,2
252,g0252,95,[95 27 19 18  7  5],176,-4,3
253,g0253,100,[100   5  11   6   3   2],144,-5,3
254,g0254,100,[100  41  35   5   1  21   3],211,-5,2
255,g0255,100,[100  24   5   4],237,-4,2
256,g0256,100,[100  72  50  14   8   2],246,-3,1
257,g0257,73,[73  2  3],78,-2,2
258,g0258,21,[21 18  2 11],52,-2,3
259,g0259,48,[48  3  1 16  9  6  4],157,-4,3
260,g0260,39,[39 10  1  3],53,-5,1
261,g0261,100,[100  60  21   7   6   2],196,-4,3
262,g0262,100,[100  48  35   7   6],196,-4,4
263,g0263,100,[100  29  23],252,-3,2
264,g0264,100,[100  71  49  12  10  15   7   6   4   3   2],294,-5,3
265,g0265,73,[73  5 20  8],114,-5,2
266,g0266,10,[10  1],21,-4,1
267,g0267,33,[33  5 15  7  6  4  3  2],90,-5,3
268,g0268,20,[12  4  1 20  8  5],50,-5,2
269,g0269,15,[15  4],34,-4,3
270,g0270,25,[25 14  9  3  2 10],63,-6,1
271,g0271,35,[35 19 15  9  5  4  1],108,-5,3
272,g0272,44,[44 19 14 13  3],96,-6,1
273,g0273,46,[46  7  3 20  8  5  2],91,-5,3
274,g0274,100,[100  53],153,-4,2
275,g0275,100,[100  49  29  10],198,-3,2
276,g0276,100,[100  18  15   6   5   4   1],269,-5,3
277,g0277,100,[100  73  43  18  12  20   7   2],275,-5,2
278,g0278,65,[65  8],73,-4,4
279,g0279,15,[13  5  3  1 15  6  4  2],73,-6,3
280,g0280,37,[37],37,-5,1
281,g0281,12,[10  3  2 12],41,-6,1
282,g0282,20,[16  3 20  2],57,-5,3
283,g0283,23,[23 11  4  2],40,-4,1
284,g0284,41,[41 21  3],65,-5,4
285,g0285,50,[50 21 17 11  3  5],107,-6,1
286,g0286,56,[56 12  6 15  8  4  2  1],131,-5,3
287,g0287,100,[100  42  20  11   7   5   2],209,-6,2
288,g0288,100,[100  58  35  13  10],216,-5,2
289,g0289,100,[100  24],224,-4,1
290,g0290,100,[100  66  42  14  10],232,-5,1
291,g0291,68,[68  8],76,-4,1
292,g0292,8,[8 4 1],13,-5,3
293,g0293,29,[29  5],34,-7,1
294,g0294,18,[18  7 15  8  5  3  2],78,-6,3
295,g0295,20,[15  7 20 11 10  6  3  1],108,-6,2
296,g0296,21,[21  8  4  3  1],37,-6,2
297,g0297,32,[32 22  3],57,-5,2
298,g0298,44,[44 22 13  8  3 15  6  5  4  1],141,-6,3
299,g0299,59,[59 13  4 20 12 11  5  3  1],148,-6,3
300,g0300,100,[100  40],140,-6,1
301,g0301,100,[100  61  33  17  11],222,-5,1
302,g0302,100,[100  15],215,-5,1
303,g0303,100,[100  62  39  12  11],224,-4,1
304,g0304,66,[66  7],73,-3,1
305,g0305,9,[9 2 1],12,-4,1
306,g0306,30,[30],30,-3,1
307,g0307,12,[12  6],18,-5,1
308,g0308,16,[16  6],38,-4,1
309,g0309,20,[20  5  3  2],32,-5,1
310,g0310,32,[32 19  3],54,-4,1
311,g0311,42,[42 19 13  5  1  2],82,-3,1
312,g0312,56,[56 10  5  2],77,-2,2
313,g0313,100,[100  44  35   9],188,-1,2
314,g0314,100,[100  58  36  13   9   3],219,-4,1
315,g0315,100,[100  26   3],232,-4,1
316,g0316,100,[100  68  41  14  13  16   1],253,-3,1
317,g0317,70,[70  9  4  1],84,-4,1
318,g0318,17,[ 8  4 17  3  1],33,-3,1
319,g0319,19,[19  2],21,-4,1
320,g0320,15,[12  7  1 15  6  3],44,-3,1
321,g0321,23,[12  7  1 23],79,-4,1
322,g0322,14,[14  4  1  8],32,-4,1
323,g0323,28,[22 19  2 28 10],83,-3,1
324,g0324,37,[28 19  9 37 22 18 15],148,-2,2
325,g0325,57,[54 14  8 57  5],146,-2,1
326,g0326,100,[100  46  53  38  16  13  12],343,-3,3
327,g0327,100,[100  57  33  13  11  56  30  20  14],412,-3,3
328,g0328,100,[100  23  37  13  10],306,-3,4
329,g0329,100,[100  67  44  12  11  21   7   6   5   3],309,-4,3
330,g0330,66,[66  7 26 13 11  6  2],164,-4,3
331,g0331,100,[100  47   2   4   3   1],159,-3,1
332,g0332,100,[100  93  43  38  12  28  18  11   8   6   3],388,-4,3
333,g0333,100,[100  19  41  28  20   8   7   6],370,-4,3
334,g0334,100,[100  17  12   8   4],141,-3,3
335,g0335,100,[100  94  44  36  14  26  10   8   4],380,-4,3
336,g0336,100,[100  55  18   3  31  15   7   6],387,-4,3
337,g0337,95,[95 31 22 21  8  6  4  2],189,-3,2
338,g0338,100,[100   5  22   8   3],138,-2,3
339,g0339,100,[100  42  37   3   2  12],196,-5,1
340,g0340,100,[100  21  18  10   5   4   2   1],279,-4,3
341,g0341,100,[100  71  46  14  11  28  15   9   4],341,-4,3
342,g0342,72,[72  2  1],76,-3,5
343,g0343,30,[30 24  1 15 10  6  4  3  2],110,-4,3
344,g0344,60,[60  8  5 25 12 10  6  4  3],218,-4,3
345,g0345,41,[41  8  1],50,-3,1
346,g0346,100,[100  59  11],170,-6,1
347,g0347,100,[100  53  40  10   3  17   8   7   4   2],265,-5,3
348,g0348,100,[100  27  13  10   9   5   3],321,-6,2
349,g0349,100,[100  62  38  12   3],227,-5,2
350,g0350,71,[71  8  1],82,-4,4
351,g0351,18,[18  9],45,-5,1
352,g0352,42,[42  9 16  8  5  4  3],107,-4,3
353,g0353,26,[12  3 26 10  8  4],105,-5,3
354,g0354,21,[21  3  1],48,-4,3
355,g0355,31,[31 22  8  2  1 15  9  5  4],118,-5,3
356,g0356,49,[49 22 25 11  7],153,-5,3
357,g0357,58,[58 22 20  4],126,-4,2
358,g0358,48,[48 12  2  1],64,-3,1
359,g0359,100,[100  52   2],154,-2,2
360,g0360,100,[100  58  39  11   8],216,-3,2
361,g0361,100,[100  26],226,-5,1
362,g0362,100,[100  65  43  12  10],230,-4,1
363,g0363,73,[73  7],80,-3,3
364,g0364,14,[14  6  5],25,-5,1
365,g0365,42,[42 23 13 10  9  3  1],124,-6,3
366,g0366,17,[17  6  2],25,-5,1
367,g0367,21,[21  6],48,-4,2
368,g0368,27,[27 14  6  5  1 10  4  2],85,-6,3
369,g0369,37,[37 20  2 17  6],99,-7,1
370,g0370,46,[46 20 17 14  2 23  1],124,-6,3
371,g0371,48,[48 11  5],64,-6,5
372,g0372,100,[100  51   5],156,-7,1
373,g0373,100,[100  57  35  12  10   6   3   2],250,-6,3
374,g0374,100,[100  21  23  13  11   8   2],303,-7,2
375,g0375,100,[100  69  42  16  11],238,-6,4
376,g0376,66,[66  4],70,-6,1
377,g0377,10,[10  5  4  1  3  2],53,-6,3
378,g0378,40,[40 23 12  9  7  2],118,-6,3
379,g0379,13,[13  5  1],19,-8,1
380,g0380,16,[16  5],37,-7,1
381,g0381,28,[28 17 11  3],59,-6,3
382,g0382,43,[43 18  5 10  7  4  3  2  1],103,-6,3
383,g0383,54,[54 18 17 16  4 23 11 10  8  2],188,-6,3
384,g0384,57,[57 13  3],73,-6,2
385,g0385,100,[100  42],142,-5,1
386,g0386,100,[100  58  34  16   8],216,-4,2
387,g0387,100,[100  17  10   5   3   2],252,-5,3
388,g0388,100,[100  60  39  11  10  23  13  12   7   3   1],302,-5,3
389,g0389,62,[62  4],66,-5,4
390,g0390,12,[12  2  1 10  5  3],50,-5,3
391,g0391,30,[30 23 11 10  8  2],109,-5,3
392,g0392,9,[9 5 1],15,-5,1
393,g0393,20,[20  5 10  6  4  3  2  1],81,-5,3
394,g0394,25,[25 10  7  3  1 23 15 11  8  4],130,-5,3
395,g0395,33,[33 23  3],59,-5,3
396,g0396,42,[42 23 14 10  3  4  2  1],125,-5,3
397,g0397,61,[61 12  9 23 14 11  8  3  1],165,-5,3
398,g0398,100,[100  39],139,-5,2
399,g0399,100,[100  65  42  14   9],230,-4,3
400,g0400,100,[100  20],220,-4,1
401,g0401,100,[100  62  29  18  15],224,-3,1
402,g0402,68,[68  8],76,-2,2
403,g0403,74,[ 6  2  1 74 26  9],119,-1,2
404,g0404,98,[25 98 65 24],212,-1,2
405,g0405,11,[11  8  1],20,-5,1
406,g0406,14,[14  8  2],38,-4,1
407,g0407,17,[17  6  4  2  1],30,-5,1
408,g0408,32,[32 22  6],60,-4,1
409,g0409,40,[40 22 16  6  1],85,-4,1
410,g0410,58,[58 13  4],75,-5,1
411,g0411,100,[100  42],142,-4,1
412,g0412,100,[100  67  41  14  12],234,-3,2
413,g0413,100,[100  27],227,-6,1
414,g0414,100,[100  58  39  13   6],216,-5,1
415,g0415,67,[67  5],72,-6,1
416,g0416,5,[5 1],6,-5,1
417,g0417,20,[20],20,-6,1
418,g0418,12,[12  5],17,-5,1
419,g0419,11,[11  5],27,-7,1
420,g0420,14,[14  3  1],18,-6,1
421,g0421,28,[28 22  3 23],76,-6,2
422,g0422,37,[37 22 18],77,-6,1
423,g0423,57,[57 11  5],73,-5,1
424,g0424,100,[100  43],143,-4,2
425,g0425,100,[100  58  34  14  10],216,-3,1
426,g0426,100,[100  22],222,-2,2
427,g0427,100,[100  64  47   9   8  15   5],248,-3,1
428,g0428,64,[64  7 53  9  1],134,-2,1
429,g0429,100,[100  43   6   8   3],160,-3,1
430,g0430,100,[100  90  44  35  11  50  22   5],368,-2,1
431,g0431,100,[100  24  77   8],386,-2,1
432,g0432,100,[100  28   4],132,-3,1
433,g0433,100,[100  90  44  35  11  58  10],348,-2,1
434,g0434,100,[100  56  19   3  97  20  17  11],423,-1,2
435,g0435,96,[96 27 21 15],159,-4,1
436,g0436,100,[100   4],104,-4,1
437,g0437,100,[100  43  38   3   2   1],191,-3,1
438,g0438,100,[100  21],221,-4,1
439,g0439,100,[100  72  47  13  12   3   1],251,-3,1
440,g0440,71,[71  2],75,-4,1
441,g0441,24,[24 22  1],47,-5,1
442,g0442,56,[56  3  1],120,-4,1
443,g0443,41,[41 10  1  4],58,-4,1
444,g0444,100,[100  58   6   1],165,-3,1
445,g0445,100,[100  49  36   9   4   6],204,-2,2
446,g0446,100,[100  26],226,-3,1
447,g0447,100,[100  63  38  17   8],226,-2,2
448,g0448,62,[62  7 33],102,-1,2
449,g0449,100,[ 21 100  67   2],211,0,1
450,g0450,43,[43  7 23  3],76,-3,2
451,g0451,32,[10  3 32 13],64,-2,2
452,g0452,100,[ 14   3 100  63],257,0,1
453,g0453,76,[30 19  6  4  1 76],136,-2,4
454,g0454,56,[47 22 56 12 10  1],148,-2,1
455,g0455,55,[55 22 19  5 53 26 16  9],277,-3,1
456,g0456,62,[53 12  5 62 11  3],208,-3,1
457,g0457,100,[100  47  96  43  21  10],317,-2,3
458,g0458,100,[100  59  44  10   5   4],422,-1,1
459,g0459,100,[100  21  78  30  24],477,0,1
460,g0460,100,[100  63  36  15  12  60  13  11],370,-2,1
461,g0461,65,[65  8 56  4  2],135,-3,1
462,g0462,72,[19 11  8  1 72  6],117,-3,1
463,g0463,94,[43 94 20 11  2],170,-2,3
464,g0464,100,[ 16  10   3 100   6],135,-1,1
465,g0465,100,[ 19  10 100  74  28  26  20],296,0,1
466,g0466,67,[35 21  8  2  1 67 24 19],177,-2,1
467,g0467,85,[47 24  4 85 28],192,-2,3
468,g0468,100,[ 62  24  21  17   7 100  15],346,-1,1
469,g0469,100,[ 57  11   4 100  73  26  25  22],318,0,1
470,g0470,100,[100  42  37  14],293,-1,1
471,g0471,100,[100  66  43  14   9  76  33  23  20],484,0,1
472,g0472,100,[100  28  48   5],329,-2,1
473,g0473,100,[100  52  32  11   9],456,-1,5
474,g0474,69,[69  8 57 23  4],161,-3,2
475,g0475,87,[22 10  6  2 87 27],164,-3,2
476,g0476,44,[38 44  4],130,-2,2
477,g0477,44,[13  4  2 44 28 11 10  7],119,-1,1
478,g0478,56,[19  4 56],98,-2,1
479,g0479,36,[36 19  7  3 31 12],114,-3,1
480,g0480,56,[44 26  1 56  9  5],141,-2,2
481,g0481,56,[56 26 19 18  5 43 17 16 10],266,-1,1
482,g0482,100,[ 57  16   4 100  53  29  27  26  18],430,0,1
483,g0483,100,[100  43],243,-2,2
484,g0484,100,[100  69  43  16  10  25],263,-3,2
485,g0485,100,[100  11  44  13  10],278,-2,2
486,g0486,100,[100  64  37  17  10  44  35  11   7],342,-1,1
487,g0487,60,[60  4 28],96,-3,1
488,g0488,56,[20  6  5  3 56 30 19  7],146,-2,2
489,g0489,56,[45 56 34 17  9  8],169,-1,1
490,g0490,100,[ 19   6   5 100  46  30  26  24  20],376,0,1
491,g0491,44,[17  5  1 44 31 19  6],146,-1,1
492,g0492,56,[34 15  8  6  3 56 16],138,-2,2
493,g0493,56,[43 25  3 56 51 24 20  7],229,-1,1
494,g0494,100,[ 53  25  16  15   4 100  44  31  19],457,0,1
495,g0495,100,[ 58  10 100  80  30  26  24],338,0,1
496,g0496,100,[100  42  17   4   3],166,-4,1
497,g0497,100,[100  54  36  10   8  17   4],233,-4,1
498,g0498,100,[100  25  17  10   6   2],262,-3,1
499,g0499,100,[100  67  39  17  11  12   3],283,-5,3
500,g0500,62,[62 11 14],87,-5,2
501,g0501,17,[13  4  3  2 17 16  9  5],71,-5,3
502,g0502,34,[34 17 10  9  1],71,-5,4
503,g0503,17,[13  6  3 17],59,-4,1
504,g0504,17,[17  6  1  4],46,-4,1
505,g0505,20,[20  8  5  4  3],40,-5,2
506,g0506,41,[41 27  8  4  3],90,-4,1
507,g0507,44,[44 27 14  8  4  1],99,-4,1
508,g0508,64,[64 17  7 13],131,-3,1
509,g0509,100,[100  35  17  16  12   3   1],184,-2,1
510,g0510,100,[100  62  35  15  12  28  23  10   8   5],298,-4,1
511,g0511,100,[100  21  28  24  11   8   5],297,-4,1
512,g0512,100,[100  65  40  13  12  28  17   8   5   4],292,-3,1
513,g0513,58,[58  5 28 11 10  8  7  3],158,-6,1
514,g0514,28,[ 9  3  1 28 20  6  5],82,-5,3
515,g0515,32,[32 28 19  9  5],98,-5,3
516,g0516,19,[19  9  2 15],45,-5,2
517,g0517,28,[16  9 28 21  8  4],111,-5,3
518,g0518,21,[21  6  4  3  8],42,-5,2
519,g0519,34,[34 23  7 14  4],89,-4,1
520,g0520,44,[44 23 18  4  1 16],111,-4,1
521,g0521,67,[67 13  6 15],101,-5,2
522,g0522,100,[100  33  12   7   3],155,-4,1
523,g0523,100,[100  69  44  21   4  19   3],264,-4,1
524,g0524,100,[100  20  28  16  11   8],283,-3,1
525,g0525,100,[100  47  28  12   7  21  10   6   5],264,-2,1
526,g0526,64,[64  4 30 23  9  8  6],144,-4,1
527,g0527,30,[ 6  2 30 27 11  8],92,-4,1
528,g0528,30,[20 30 21 10  6  5],92,-3,1
529,g0529,30,[13  8  2 30 16 10  9  7  4],129,-6,1
530,g0530,30,[13  8 30 19  9  6  4],102,-5,3
531,g0531,30,[16  3  1 30 19  9  8  2],88,-5,3
532,g0532,30,[30 26  4 18],78,-5,2
533,g0533,40,[40 26 17 30 18  8  2],149,-5,3
534,g0534,58,[58  8  6 15],87,-5,2
535,g0535,100,[100  42  20   7   6],175,-4,1
536,g0536,100,[100  71  49  11  17   8   6],273,-4,1
537,g0537,100,[100  20  11],231,-5,2
538,g0538,100,[100  58  33  18   7  17   1],241,-4,1
539,g0539,65,[65  4 21  8  2],100,-4,1
540,g0540,100,[100  44   7  30  13  11   6],211,-3,1
541,g0541,100,[100  88  42  37   9  30  22   8   7],350,-2,1
542,g0542,100,[100  26  25  15  10   4   1],281,-4,1
543,g0543,100,[100  25  13   9   2],151,-4,1
544,g0544,100,[100  89  43  38   8  25  23  18   3   2],349,-3,1
545,g0545,100,[100  51  24   2  25  19   7   6],340,-5,3
546,g0546,91,[91 24 17 13 25 16 10  6  3],236,-6,1
547,g0547,100,[100   9  25  20   8   7   5],174,-5,3
548,g0548,100,[100  40  36   3   1  12],192,-5,2
549,g0549,100,[100  23  25  20   9   7   4],288,-5,4
550,g0550,100,[100  72  49  12  11   7   5],280,-4,1
551,g0551,72,[72  3 12  2  1],90,-4,1
552,g0552,28,[28 24  2 13],67,-5,2
553,g0553,58,[58  2 13  7],155,-4,1
554,g0554,43,[43 13 15  2  1],74,-4,1
555,g0555,100,[100  57  25  12   9   6],209,-3,1
556,g0556,100,[100  52  37  12   3  25  22  13   7   2],273,-2,1
557,g0557,100,[100  26  39  14  10],389,-1,2
558,g0558,100,[100  65  40  14  11],330,0,1
559,g0559,63,[63  5 10  8  4  2],94,-4,1
560,g0560,23,[23  2 10  7  4  1],72,-4,1
561,g0561,41,[41  9 10  4  3  2],78,-3,1
562,g0562,11,[11  2  5],20,-7,1
563,g0563,18,[18  2 10  4  3],72,-6,1
564,g0564,32,[32 21  6  1  5],71,-7,1
565,g0565,49,[49 25 10  5  3  2],109,-6,1
566,g0566,56,[56 25 21 16  4 10  8  3  1],148,-5,3
567,g0567,48,[48  7  6 10  9  4  1],89,-5,3
568,g0568,100,[100  51   5],156,-5,2
569,g0569,100,[100  50  38   8   4  10   7   3   1],224,-5,3
570,g0570,100,[100  25   5],230,-5,2
571,g0571,100,[100  70  47  12  11   8   3   2],253,-4,1
572,g0572,63,[63  9  6  2],80,-4,1
573,g0573,13,[13  6  4  2],29,-5,2
574,g0574,43,[43  5  3  1],52,-4,1
575,g0575,11,[11  5  2  6],28,-4,1
576,g0576,19,[19  5  1 10  4],64,-3,1
577,g0577,27,[27 19 11  2  1 10  6  3],82,-2,1
578,g0578,53,[53 28  5 15 12  6  3],125,-4,1
579,g0579,62,[62 28 23 19  6 15 13  7  4  2],179,-4,1
580,g0580,59,[59 12  2 15 10  6  3  1],108,-3,1
581,g0581,100,[100  41   5],146,-7,1
582,g0582,100,[100  57  35  16   6  15  10   4   1],269,-6,1
583,g0583,100,[100  27  15  13   6   4   3],268,-5,3
584,g0584,100,[100  65  44  16   5  15  10   4   2],265,-5,3
585,g0585,52,[52  5  9],66,-5,2
586,g0586,17,[17  4  3 15 11  5],64,-5,3
587,g0587,47,[47 11],58,-5,2
588,g0588,16,[16  6  3  9  1],36,-4,1
589,g0589,20,[20  6  5  3],60,-4,1
590,g0590,33,[33 17 12  5  3  8],78,-5,2
591,g0591,50,[50 26  2  9  1],88,-4,1
592,g0592,58,[58 26 23 17  4  9  5  2],144,-4,1
593,g0593,65,[65 10  8 15  6  3],113,-3,1
594,g0594,100,[100  34  15   9   5   3   1],167,-2,1
595,g0595,100,[100  51  33  11   7  15  14   6   1],245,-4,1
596,g0596,100,[100  21  15  14   6   5   3],264,-4,1
597,g0597,100,[100  64  47   9   8  15  12   5   4   3],267,-3,1
598,g0598,64,[64 11  9],84,-7,1
599,g0599,15,[ 9  3  2  1 15  7  5  4],67,-6,1
600,g0600,38,[38 15  9  4  3  2],71,-5,3
601,g0601,19,[19 12  2 15  8  3],64,-5,3
602,g0602,25,[25 12  1  8],71,-5,2
603,g0603,28,[28 12  8  3  1 15  5  2],91,-5,3
604,g0604,45,[45 31  9],94,-5,2
605,g0605,57,[57 31 21 12  1 10  2],135,-4,1
606,g0606,68,[68 16  4  8  1],101,-4,1
607,g0607,100,[100  31   7],138,-5,2
608,g0608,100,[100  63  30  18  15   7   2   1],236,-4,1
609,g0609,100,[100  22   8   4   3],237,-4,1
610,g0610,100,[100  70  39  18  13  15   8   6   2],271,-3,1
611,g0611,67,[67  7 15  8  4  2],105,-2,1
612,g0612,12,[12  4  2  1 10],29,-2,2
613,g0613,33,[33 10  5  3  2],68,-4,1
614,g0614,14,[10  5  1 14],30,-2,2
615,g0615,15,[15  5 10  6  4  3  2  1],71,-4,1
616,g0616,29,[29 19 12  2 10  8  5  1],88,-3,1
617,g0617,41,[41 24  2  5],72,-7,1
618,g0618,54,[54 24 19 17  8 10  5  3  2],157,-6,1
619,g0619,54,[54 11  4 10  8  3  1],95,-5,3
620,g0620,100,[100  46  10   7   6   1],170,-5,3
621,g0621,100,[100  58  37  15   6   8],224,-5,2
622,g0622,100,[100  21  10   8   4   3   1],247,-5,3
623,g0623,100,[100  61  36  13  12   6],228,-5,2
624,g0624,65,[65  6],77,-4,1
625,g0625,14,[14  5  3  1  4  2],32,-4,1
626,g0626,36,[36  4],40,-5,2
627,g0627,14,[14  5  2  3],24,-4,1
628,g0628,16,[16  5  2  6  3  1],49,-4,1
629,g0629,28,[28 12  7  3 10  6],76,-3,1
630,g0630,40,[40 24  2 10  7  4  3],90,-2,1
631,g0631,100,[ 50  24  16  12   3 100  48  18   6],277,-1,2
632,g0632,100,[ 61  11   6 100],178,0,1
633,g0633,100,[100  38  16   5   3],162,-4,1
634,g0634,100,[100  64  37  14  13  16   5   4],253,-4,1
635,g0635,100,[100  18  16   9   6   2   1],252,-3,1
636,g0636,100,[100  59  38  12   9   4],222,-6,1
637,g0637,47,[47  5 16 11  7],102,-5,3
638,g0638,15,[15  5  1 13],34,-5,2
639,g0639,31,[31 16  9  6  3],65,-5,3
640,g0640,16,[10  4  3 16  7],47,-5,4
641,g0641,15,[15  4  1 13],61,-4,1
642,g0642,17,[17  5  2  1],27,-4,1
643,g0643,37,[37 26  4  3],70,-5,2
644,g0644,39,[39 26 17  2  1  3],91,-4,1
645,g0645,69,[69 14 12],95,-4,1
646,g0646,100,[100  31  16  13],173,-3,1
647,g0647,100,[100  65  49  12   4  16  13],272,-2,1
648,g0648,100,[100  22  25  13   5   4],291,-4,1
649,g0649,100,[100  55  32  16   7  25  23  13   3],281,-4,1
650,g0650,58,[58 10 25 13  5  4],119,-3,1
651,g0651,25,[ 3  1 25 13 10  8  5  2],92,-6,1
652,g0652,25,[16 25 17  8  7  2],75,-5,3
653,g0653,25,[10  9 25 19  5  4],82,-5,3
654,g0654,11,[11  9  1],43,-5,2
655,g0655,25,[10  1 25 20  8  6],77,-5,3
656,g0656,39,[39 35 11 10],95,-5,2
657,g0657,46,[46 35 24 14  6  3],128,-4,1
658,g0658,71,[71 18  3 15  5],112,-4,1
659,g0659,100,[100  29  15],144,-5,2
660,g0660,100,[100  66  37  15  14  13   6   3],254,-4,1
661,g0661,100,[100  18  16   5],244,-4,1
662,g0662,100,[100  64  37  15  12  25   8   5],278,-3,1
663,g0663,62,[62  7 25 20  9  4],134,-2,1
664,g0664,100,[100  42   7  23  15   5   3],202,-4,1
665,g0665,100,[100  91  41  39  11  23  20   9   6   5],345,-4,1
666,g0666,100,[100  24  23  19  10   5   4],285,-3,1
667,g0667,100,[100  23  11  10   9   2],180,-6,1
668,g0668,100,[100  86  39  36  11  23  14   8   3],323,-5,3
669,g0669,100,[100  49  20   5  17],291,-5,2
670,g0670,89,[89 22 20 14 23 16 10  6],200,-5,3
671,g0671,100,[100  11  23  17   8   7   2],168,-5,4
672,g0672,100,[100  47  38   5   4  17],238,-4,1
673,g0673,100,[100  26  14   9   6],255,-4,1
674,g0674,100,[100  65  45  12   8  17],247,-5,2
675,g0675,72,[72  3 14  5],108,-4,1
676,g0676,30,[30 27  3 20  9],92,-4,1
677,g0677,60,[60  5 23  9  6],172,-3,1
678,g0678,40,[40 11 23 18  9  5  4],110,-2,1
679,g0679,100,[100  60  20  19  10   9],218,-4,1
680,g0680,100,[100  53  41   6  20  19  10   8   1],264,-4,1
681,g0681,100,[100  28  20  19  18   1],286,-3,1
682,g0682,100,[100  61  38  15   8  20   5],272,-5,3
683,g0683,65,[65 10 20 12  6  2],147,-6,1
684,g0684,23,[23  3 20 17  9  5],103,-5,3
685,g0685,48,[48 13 10],71,-5,2
686,g0686,20,[10  3  2 20 16  9  4],67,-5,4
687,g0687,15,[15  2  8  3],54,-4,1
688,g0688,35,[35 26 12  7  8  3  1],92,-4,1
689,g0689,50,[50 17 12],79,-5,2
690,g0690,54,[54 26 20 17  4  9  3],142,-4,1
691,g0691,52,[52 14  8 13  3  2],92,-4,1
692,g0692,100,[100  48  20  11   9   7],195,-3,1
693,g0693,100,[100  62  45   9   8  20  19  13   6],282,-2,1
694,g0694,100,[100  22  41  14   7],384,-1,2
695,g0695,100,[100  63  37  16  10],326,0,1
696,g0696,70,[70 10 55 33 16  1],185,-1,1
697,g0697,14,[14 11  8  1  2],40,-2,1
698,g0698,42,[42 39 24  1],106,-1,1
699,g0699,100,[ 12   7   1 100  47  28  25  20   8],348,0,1
700,g0700,49,[19  7  2 49 24],120,-2,4
701,g0701,100,[ 34  25  14   2 100  51],326,-2,3
702,g0702,100,[ 57  30   8 100],195,-1,5
703,g0703,100,[ 68  30  25  24   5 100  74  29  23  22],400,0,1
704,g0704,50,[50 12  2 43 20],170,-2,1
705,g0705,100,[100  50  57],421,-1,7
706,g0706,100,[100  57  37  10  79  33  24  22],472,0,1
707,g0707,100,[100  28  22],250,-1,1
708,g0708,100,[100  65  45  12   8],230,-3,1
709,g0709,65,[65  7],72,-4,1
710,g0710,21,[21  7  5  2],35,-3,1
711,g0711,51,[51],51,-2,1
712,g0712,20,[20  6  1  3  2],38,-1,1
713,g0713,100,[ 23   6 100  50  19],221,0,1
714,g0714,53,[41 24 15  6  2 53 21],162,-2,1
715,g0715,53,[47 22  2 53],124,-1,2
716,g0716,57,[57 24 22 18  5 15],141,-2,2
717,g0717,100,[ 55  14   7 100  53  15],244,-1,6
718,g0718,100,[100  43  30  27  20  10],473,0,1
719,g0719,100,[100  54  32  11  64   9],281,-2,4
720,g0720,100,[100  16  21   2],260,-2,1
721,g0721,100,[100  68  46  11  61  20   3],381,-3,1
722,g0722,64,[64  5 45 17  1],177,-3,1
723,g0723,52,[20  6  4 52 12],102,-3,1
724,g0724,99,[42 99 54 34 11],339,-2,3
725,g0725,100,[ 13   5 100  58],181,-1,1
726,g0726,100,[ 20   5   1 100  80  33  26  21],306,0,1
727,g0727,57,[39 24 14  3  1 57  6],144,-4,1
728,g0728,97,[47 27  7 97 22  6  5],218,-3,3
729,g0729,97,[59 27 24 13  7 97],227,-2,1
730,g0730,100,[ 50   8   7 100  57   4],226,-1,1
731,g0731,100,[100  49  76  36  20],401,0,1
732,g0732,100,[100  50  35   8   7],300,-1,2
733,g0733,100,[100  27  35],262,-3,1
734,g0734,100,[100  71  45  13  93  36   9],380,-2,3
735,g0735,100,[ 70  10 100  53   5],238,-1,1
736,g0736,100,[ 17   7   3   1 100  82  35  25  22],292,0,1
737,g0737,100,[ 40 100  36],176,-1,1
738,g0738,100,[ 19  10   2 100  66  24  18],263,0,1
739,g0739,50,[27 10  1 50 24 12  4],155,-2,2
740,g0740,55,[33 14  7  3 55  1],116,-3,1
741,g0741,34,[34 21  7  5  3  2  1],73,-4,2
742,g0742,45,[45 21 14 10  2 43 22 11],213,-3,1
743,g0743,62,[62 17 10 49  2],142,-3,1
744,g0744,100,[100  37  97  54  22   8],415,-2,3
745,g0745,100,[100  63  30  21  12  56   1],383,-1,1
746,g0746,100,[100  19  76  31  28  17],471,0,1
747,g0747,100,[100  61  34  15  12  47   2   1],272,-4,2
748,g0748,61,[61  3 59  2],184,-4,2
749,g0749,93,[14  5  2 93 34 30],273,-3,2
750,g0750,93,[32 93],125,-2,1
751,g0751,100,[  8   2 100   7],117,-1,1
752,g0752,100,[ 14   2 100  70  27  22  21],270,0,1
753,g0753,58,[27 14  8  2 58 13  6],130,-2,1
754,g0754,67,[42 26  9 67],144,-2,2
755,g0755,90,[53 26 18 14  6 90 34  3],244,-2,3
756,g0756,100,[ 57  12   5 100  10],184,-1,1
757,g0757,100,[100  42  76  27  25  24],394,0,1
758,g0758,100,[100  62  43  11   8  22   6],352,-1,1
759,g0759,100,[100  19  75  37  20  18],469,0,1
760,g0760,100,[100  63  43  14   6],226,-1,1
761,g0761,100,[ 59   5 100  13],177,0,1
762,g0762,100,[ 10   3 100  43  30  27  20],343,0,1
763,g0763,99,[35 99],134,-2,2
764,g0764,40,[17  7  3 40 19],86,-2,1
765,g0765,100,[ 18   7   1 100  60],304,-1,4
766,g0766,62,[26  8  7  5  2 62  4],176,-3,2
767,g0767,100,[ 40  27   3 100],170,-4,3
768,g0768,50,[50 27 17  8  1 46],149,-2,3
769,g0769,63,[63  9  8 50  4  2],136,-3,2
770,g0770,100,[100  36  39   9   2],186,-2,2
771,g0771,100,[100  54  31  12  11  39  32  17   3],311,-1,1
772,g0772,100,[100  17  20   1],238,-3,1
773,g0773,100,[100  68  40  18  10  61  41  23   6],367,-2,2
774,g0774,61,[55  9 61 44 30  7],213,-1,1
775,g0775,100,[  7   1 100  61  37  24  15],370,0,1
776,g0776,90,[27 90 35  4],156,-2,3
777,g0777,39,[10  6 39 32 17 12  3],119,-1,1
778,g0778,61,[13  6 61 10],164,-2,2
779,g0779,61,[14  4  3  2 61 42 29  7  6],168,-1,1
780,g0780,100,[ 43  31   8 100  55  36  25  20  19],437,0,1
781,g0781,48,[48 31 20  4  1 39 36 14  2],215,-1,1
782,g0782,65,[65 16  5 61  4],151,-2,2
783,g0783,100,[100  35  61  32  21   8   3],260,-1,1
784,g0784,100,[100  58  38  12   8  46  32  29  22  17],562,0,1
785,g0785,100,[100  25],325,-1,3
786,g0786,100,[100  60  40  14   6  77  38  23  16],474,0,1
787,g0787,95,[64  7 95],166,-2,1
788,g0788,100,[  6   2 100  43  27],178,-1,5
789,g0789,100,[ 17 100  77  29  25  23],271,0,1
790,g0790,100,[ 12   6   1 100  43],162,-2,1
791,g0791,100,[ 12   6 100  54  33  15],238,-1,4
792,g0792,53,[15  3  2 53  1],74,-2,1
793,g0793,53,[30 28  4 53 49 24 22  3],213,-1,2
794,g0794,100,[ 39  28  17 100  59  34  25  13],443,0,1
795,g0795,100,[ 66  15   6 100  77  28  25  24],341,0,1
796,g0796,100,[100  34  16],150,-3,2
797,g0797,100,[100  66  36  18  12  60  17   9   7],325,-2,1
798,g0798,100,[100  26  65  27   7],390,-3,1
799,g0799,100,[100  64  41  12  11  59  13],359,-3,1
800,g0800,63,[61  4 63 13],145,-3,1
801,g0801,100,[100  41   5  97  38  14   6],398,-2,3
802,g0802,100,[100  89  44  36   9   3],381,-1,1
803,g0803,100,[100  32  82  33  25  24],496,0,1
804,g0804,100,[100  59  21   4],243,-2,1
805,g0805,100,[100  87  42  31  14  63   8],345,-3,1
806,g0806,100,[100  53  21   6  92  15  13   3],418,-2,3
807,g0807,100,[ 93  22  16 100   8],361,-1,1
808,g0808,100,[100   7  70  27  24  19],347,0,1
809,g0809,100,[100  46  35   8   3  67  21   6],286,-2,1
810,g0810,100,[100  25  75],300,-2,3
811,g0811,100,[100  71  50  12   9  87  28   5],362,-2,2
812,g0812,100,[ 65   3 100  13],281,-1,1
813,g0813,100,[ 28  19   5 100  73  27  23],298,0,1
814,g0814,100,[ 59   7   4 100  23  14],266,-1,1
815,g0815,100,[ 47   8   2 100  72  30  24  18],301,0,1
816,g0816,100,[100  53  41  28],322,-1,4
817,g0817,100,[100  47  35   6  55   4],253,-3,2
818,g0818,100,[100  33  49   8   2],341,-3,2
819,g0819,100,[100  65  47  12   6  59  27   7],382,-2,2
820,g0820,61,[61  6 59 50 18 17 15],226,-1,1
821,g0821,22,[20  2 22  6],70,-3,1
822,g0822,41,[38  9 41 19  8  2],117,-2,2
823,g0823,41,[10  3  2 41 26 11  9  6],108,-1,1
824,g0824,100,[ 11   2 100  57  33  26  24  17],381,0,1
825,g0825,59,[29 21  7  5 59 12  2],135,-2,2
826,g0826,59,[55 29  2 59 49 21 16 12],243,-1,1
827,g0827,60,[60 29 25 21  3 26  2],166,-3,1
828,g0828,53,[53  8  4 41 28 12  1],147,-2,2
829,g0829,100,[100  47  41  25  15   6   4],238,-1,1
830,g0830,100,[100  56  42   9   5  55  33  26  22  19],567,0,1
831,g0831,100,[100  25  59  35  20  10   5],354,-1,1
832,g0832,100,[100  59  36  13  10  41  11],270,-2,2
833,g0833,63,[63 11 41 35 19 14  2],185,-1,1
834,g0834,100,[ 16  11   8   1 100  46  30  29  25],382,0,1
835,g0835,100,[ 43 100  74  33  26  15],291,0,1
836,g0836,49,[14  8  2 49 34 18 11  5],141,-9,1
837,g0837,49,[15  8  1 49 33 13 10],154,-8,1
838,g0838,49,[28 20  8  2 49 39 14 13 12],185,-7,1
839,g0839,54,[54 27  4 49 35 13 12 10],204,-6,1
840,g0840,60,[60 27 20 19  2 49 38 14 10],253,-5,1
841,g0841,61,[61 16  2 49 36 13 12 11],200,-4,1
842,g0842,100,[100  38  49  36  13  12  11],259,-3,2
843,g0843,100,[100  68  43  14  11  34  12],316,-2,1
844,g0844,100,[100  19  12],255,-3,1
845,g0845,100,[100  61  32  18  11  59  17  10],308,-2,1
846,g0846,65,[65  6 18 10  2],101,-9,1
847,g0847,51,[16  9  4  2 51 33],115,-8,1
848,g0848,51,[43 51  7],101,-9,1
849,g0849,20,[16  7  2 20  9  3],77,-11,1
850,g0850,51,[20  7 51 31],129,-10,1
851,g0851,51,[34 20 10  6 51 14],135,-10,1
852,g0852,51,[49 26  3 51 36 27  7  2],201,-9,1
853,g0853,60,[60 26 20  3 51 12 10  4],232,-8,1
854,g0854,57,[57 12  4 51 41 24 11  6],206,-7,1
855,g0855,100,[100  43  51  35  15  14   6],264,-6,1
856,g0856,100,[100  58  36  14   8  51  41  20  11  10],349,-5,1
857,g0857,100,[100  18  51  42  19  12  11],353,-4,1
858,g0858,100,[100  64  44  12   8  51  37  17  13   7],353,-3,1
859,g0859,68,[68  8 51 42 15 14 13],211,-2,1
860,g0860,100,[ 20   7   5   3 100  28  23  12],198,-1,1
861,g0861,61,[42 61 52 46  4  2],207,-8,1
862,g0862,61,[13  7  2 61 16 10  4],115,-7,1
863,g0863,61,[21  7 61 60 27 22 11],230,-6,1
864,g0864,61,[37 20  9  2  1 61 50 22 15 13],230,-5,1
865,g0865,61,[43 23  3 61 37 13 11],204,-4,1
866,g0866,61,[57 23 20 13  6 61 44 19 18  7],268,-3,2
867,g0867,65,[53 10  8 65  5  4],145,-2,1
868,g0868,100,[100  46  64  36],246,-2,1
869,g0869,100,[100  58  36  12  10  13],229,-3,1
870,g0870,100,[100  31  39  35  28   6   1],340,-8,1
871,g0871,100,[100  64  42  12  10  39  35  26   6   3],337,-7,1
872,g0872,71,[71  9 39 37 21  7],193,-6,1
873,g0873,39,[16  7  5  1 39 29 18  6],126,-5,1
874,g0874,43,[43 39 30 15 11  4],142,-4,1
875,g0875,39,[16  8  1 39 30 17  7  6],124,-3,1
876,g0876,75,[20  8  1 75 51 24 12],211,-2,1
877,g0877,100,[ 27  18   7   2 100  25  13],194,-1,1
878,g0878,100,[ 42  22   8 100  77  30  25],326,0,1
879,g0879,60,[51 22 18 14  5 60],170,-2,4
880,g0880,50,[50 13  3 43 34 30  1],177,-9,1
881,g0881,100,[100  50  43  14   6   4],221,-8,1
882,g0882,100,[100  60  39  12   9  43  27   6],341,-7,1
883,g0883,100,[100  23  43  28  18   7   3],322,-6,1
884,g0884,100,[100  62  39  13  10  43  30  12   8],327,-5,1
885,g0885,61,[61  2 43 33 12 11 10],172,-4,1
886,g0886,43,[19  5  3  2 43 28 13  8  7],128,-3,2
887,g0887,38,[38 28  6],100,-2,1
888,g0888,56,[17  5  2 56 13 10],103,-2,1
889,g0889,18,[18  5 13  8  6  1],69,-9,1
890,g0890,57,[34 13  7  3 57 44],165,-8,1
891,g0891,57,[36 21  3 57 10],127,-9,1
892,g0892,47,[47 21 13 11  3 19  8  5],146,-11,1
893,g0893,63,[63 12 11 57 32 29  7],211,-10,1
894,g0894,100,[100  37  57   3],197,-10,1
895,g0895,100,[100  60  36  12  57  49  43   4   2],375,-9,1
896,g0896,100,[100  17  57  15   8   5   2],304,-8,1
897,g0897,100,[100  61  39  13   9  57  53  43   7   3],385,-7,1
898,g0898,63,[63 11 57 30 19  6  5],191,-6,1
899,g0899,57,[ 9  4  3 57 48 21 16 11],172,-5,1
900,g0900,57,[33 57 48 18 16 14],186,-4,1
901,g0901,57,[16  7  2 57 35 14 12  9],152,-3,1
902,g0902,57,[20  7  1 57 45 18  9],195,-2,1
903,g0903,100,[ 24  10   6   2 100  30  27   9],208,-1,1
904,g0904,76,[43 30 11 76  9  6],175,-2,1
905,g0905,78,[55 30 15 10  3 78 46  5],242,-2,1
906,g0906,61,[61 13  5 47 24  4],201,-4,1
907,g0907,100,[100  38  47  23  17   4   2],231,-3,1
908,g0908,100,[100  63  38  14  11  92  73  24   6],421,-2,1
909,g0909,100,[100  20   8   3],331,-1,1
910,g0910,100,[100  63  38  13  12  87  37  36  14],500,0,1
911,g0911,68,[68  5 52 39 25  9],203,-9,1
912,g0912,52,[ 9  2 52 26 11  8  7],117,-8,1
913,g0913,52,[29 52 48 11  8],177,-7,1
914,g0914,52,[14  8 52 29 17  6],132,-6,1
915,g0915,52,[13  8  1 52 46 18 17 11],179,-5,1
916,g0916,52,[23 10  8  5  2 52 31 14 12],162,-4,1
917,g0917,52,[34 23  3 52 42 19 14  9],196,-3,2
918,g0918,42,[42 23 12 10  2 39 15],182,-2,1
919,g0919,54,[54 10  6  5  3],81,-3,2
920,g0920,100,[100  46  68  25  19],258,-2,5
921,g0921,100,[100  60  38  12  10  64  17  16],317,-2,1
922,g0922,100,[100  23  27  11   5   4],270,-9,1
923,g0923,100,[100  61  39  13   9  48  21],291,-8,1
924,g0924,60,[60  4 48 24 11],151,-9,1
925,g0925,29,[ 8  2  1 29 11],82,-11,1
926,g0926,48,[30 48 19],97,-10,1
927,g0927,48,[11  3  2 48],75,-10,1
928,g0928,48,[13  3  1 48 43 22 12  9],164,-9,1
929,g0929,48,[17  4  3 48 38 20 11  7],152,-8,1
930,g0930,48,[36 21  5 48 42 18 12],194,-7,1
931,g0931,48,[42 21 13  4 48 32 14  9],192,-6,1
932,g0932,58,[58  6 48 35 16 10  9],188,-5,1
933,g0933,100,[100  42  48  36  20   9   7],262,-4,1
934,g0934,100,[100  60  42  10   8  48  31  12   9],330,-3,1
935,g0935,100,[100  27  48  37  19  10   8],349,-2,1
936,g0936,100,[100  61  39  11  27  21   8],378,-1,1
937,g0937,64,[64  6 41 36 28  5  3],183,-8,1
938,g0938,41,[ 6  1 41 17  9  2],82,-7,1
939,g0939,41,[25 41 38 23  8  7],142,-6,1
940,g0940,41,[16  9  1 41 26  6  4],119,-5,1
941,g0941,41,[16  9  1 41 33 14 12  7],149,-4,1
942,g0942,41,[17  3 41 26 11  9  6],116,-3,2
943,g0943,30,[30 24  4 25 16],99,-3,1
944,g0944,60,[41 24 13 60 14],152,-2,1
945,g0945,66,[66 12  6 28 10  1],123,-3,1
946,g0946,100,[100  34  63  10],207,-2,1
947,g0947,100,[100  68  38  18  12  59  50  35  13   2],395,-8,1
948,g0948,100,[100  28  59  34  23   9   2],355,-7,1
949,g0949,100,[100  62  31  18  13  59  49  23  15  11],381,-6,1
950,g0950,69,[69  8 59 36 15 11 10],208,-5,1
951,g0951,100,[100  44   3  59  47  21  14  12],300,-4,1
952,g0952,100,[100  84  40  35   9  59  47  17  16  14],421,-3,1
953,g0953,100,[100  28  83  53  12  11],387,-2,1
954,g0954,100,[100  17   7],224,-1,1
955,g0955,100,[100  85  41  34  10  77  29  24],524,0,1
956,g0956,100,[100  51  20   6  49  22  15   5   2],370,-9,1
957,g0957,91,[91 25 15 49  9  8],245,-8,1
958,g0958,100,[100   9  49  42  20  13],242,-7,1
959,g0959,100,[100  39  32   4   3  49  26  14   6],279,-6,1
960,g0960,100,[100  24  49  40  15  14  11],353,-5,1
961,g0961,100,[100  74  52  12  10  49  35  15   8],367,-4,1
962,g0962,71,[71  1 49 37 17 11  9],195,-3,2
963,g0963,39,[35 25  3 39 12],153,-2,1
964,g0964,63,[63  9  7 61 18 13],234,-2,1
965,g0965,46,[46  9  2 29 11  1],100,-9,1
966,g0966,100,[100  54  51  22],227,-8,1
967,g0967,100,[100  46  29   9   8  35   2],229,-10,1
968,g0968,100,[100  28  51  15],294,-9,1
969,g0969,100,[100  72  49  14   9  31  11   1],318,-11,1
970,g0970,65,[65  5 51 20],141,-10,1
971,g0971,51,[18  1 51 21 10],119,-10,1
972,g0972,51,[44  8 51 29 24  3  2],161,-9,1
973,g0973,51,[12  3  1 51 30 14 10  6],127,-8,1
974,g0974,51,[21  3 51 45 20 15 10],186,-7,1
975,g0975,51,[35 25 12  4  1 51 29 17  8],186,-6,1
976,g0976,53,[53 24  2 51 41 16 15 10],212,-5,1
977,g0977,61,[61 25 24 18  3 51 41 15 14 12],264,-4,1
978,g0978,51,[47  6  5 51 36 14 12 10],181,-3,1
979,g0979,100,[100  53  51  38  13  12],280,-2,1
980,g0980,100,[100  51  39   9   3  26  25],362,-1,1
981,g0981,100,[100  26  56  49  34  10   5],380,-8,1
982,g0982,100,[100  63  41  11  56  33  18   8   7],348,-7,1
983,g0983,59,[59  5 56 46 16 15],212,-6,1
984,g0984,56,[13  6  4  1 56 40 15 14 11],160,-5,1
985,g0985,56,[44 56 41 18 12 11],182,-4,1
986,g0986,56,[ 8  4 56 41 17 14 10],150,-3,2
987,g0987,67,[25  4  1 67 15],137,-2,1
988,g0988,53,[31 20 13  1 53],119,-3,2
989,g0989,59,[59 31  4 27 11  1],133,-3,1
990,g0990,67,[65 31 20  1 67 16],220,-2,1
991,g0991,56,[56 10  4 44 36 24  8],186,-8,1
992,g0992,100,[100  44  26  14   7   5],240,-7,1
993,g0993,100,[100  55  40   8   7  44  36  13  12  11],326,-6,1
994,g0994,100,[100  25  44  32  14  11   7],333,-5,1
995,g0995,100,[100  63  40  13  10  44  33  16   7],336,-4,1
996,g0996,61,[61  8 44 34 13],181,-3,1
997,g0997,76,[14  4  3 76 52 19],171,-2,1
998,g0998,100,[ 38 100  24  12],174,-1,1
999,g0999,100,[ 13   4   2 100  77  32  23  22],273,0,1
1000,g1000,100,[ 23   4 100],250,0,1
1001,g1001,100,[ 31  15  10   2 100],260,0,1
1002,g1002,100,[ 45  29   3 100],277,0,1
1003,g1003,100,[ 57  29  20  15   5 100],326,0,1
1004,g1004,100,[ 67  17   4 100],288,0,1
1005,g1005,100,[100  32],332,0,1
1006,g1006,100,[100  63  34  16  13],426,0,1
1007,g1007,100,[100  12],412,0,1
1008,g1008,100,[100  65  39  14  12],430,0,1
1009,g1009,100,[ 64   3 100],267,0,1
1010,g1010,100,[ 18  11   5   2 100],236,0,1
1011,g1011,100,[ 43 100],243,0,1
1012,g1012,100,[ 17   7   5 100],229,0,1
1013,g1013,100,[ 18   7 100],243,0,1
1014,g1014,100,[ 37  24  12   4   1 100],278,0,1
1015,g1015,100,[ 49  26   3 100],278,0,1
1016,g1016,100,[ 64  26  24  17   8 100],339,0,1
1017,g1017,100,[ 58   8   3 100],269,0,1
1018,g1018,100,[100  42],342,0,1
1019,g1019,100,[100  60  38  11],420,0,1
1020,g1020,100,[100  26],426,0,1
1021,g1021,100,[100  67  40  16  11],434,0,1
1022,g1022,100,[ 64   5 100],269,0,1
1023,g1023,100,[ 16   6   4   2 100],228,0,1
1024,g1024,100,[ 46 100],246,0,1
1025,g1025,100,[ 13   7   3 100],223,0,1
1026,g1026,100,[ 25   7 100],257,0,1
1027,g1027,100,[ 33  20  11   3   1 100],268,0,1
1028,g1028,100,[ 49  26   3 100],278,0,1
1029,g1029,100,[ 59  26  20   4 100],329,0,1
1030,g1030,100,[ 57   9   5 100],271,0,1
1031,g1031,100,[100  42],342,0,1
1032,g1032,100,[100  58  36  14   8],416,0,1
1033,g1033,100,[100  25],425,0,1
1034,g1034,100,[100  63  42  13   8],426,0,1
1035,g1035,100,[ 62   6 100],268,0,1
1036,g1036,100,[ 18   7   6   1 100],232,0,1
1037,g1037,100,[ 38 100],238,0,1
1038,g1038,100,[ 11   6   2 100],219,0,1
1039,g1039,100,[ 18   6 100],242,0,1
1040,g1040,100,[ 31  20   9   3 100],263,0,1
1041,g1041,100,[ 49  28   4 100],181,0,1
1042,g1042,100,[ 58  28  22  20   5 100  30],263,0,1
1043,g1043,100,[ 59  12   5 100],176,0,1
1044,g1044,100,[100  40  35  11],286,0,1
1045,g1045,100,[100  58  36  13   9],416,0,1
1046,g1046,100,[100  17  67   2],386,0,1
1047,g1047,100,[100  63  41  12  10  59  34  28  25  13],585,0,1
1048,g1048,100,[ 61   6 100  77  28  25  24],321,0,1
