,logic_gate,max,unique,sum,Deep,Fanouts
0,g000,100,[  8  26  23   9   7 100  36  18],334,0,1
1,g001,100,[  8   3  26  20   9   6   5 100  39],324,0,1
2,g002,100,[ 19  26  23  11   8   4 100  44  17],352,0,3
3,g003,100,[ 17  26   8 100  29],280,0,1
4,g004,100,[  7   4   2  24  19   8   6   5 100  45  18],344,0,1
5,g005,100,[ 13   3  24  19   8   6   5 100  46   7],350,-1,2
6,g006,87,[29 24 18  7  6  5 87],176,-1,1
7,g007,100,[ 30  20  12   5   4   3 100   1],275,0,1
8,g008,100,[ 15   4   2  20  12   5   3 100  40  14],219,0,1
9,g009,100,[  6  20  16   8   5   3 100  40  11],209,0,1
10,g010,100,[ 19  13  26  15   8   4   3 100  35  16],239,0,1
11,g011,83,[ 8 26 25 18  6  1 83 19],269,-1,2
12,g012,100,[ 14   3  12  10   5   2 100  33],282,0,1
13,g013,100,[  7  15  12   2   1 100   5],157,0,1
14,g014,100,[  6  22  17   7   4 100  35  12],309,0,4
15,g015,33,[10  3  1 22 16  8  5 33  2],161,-1,3
16,g016,100,[ 48  29  27   5  22  18   7   4 100   1],368,0,1
17,g017,100,[100   8  22   6  48  28  15],527,0,1
18,g018,100,[100  20  15   5  35],385,0,1
19,g019,100,[  7  20  17   9   6   2 100  73  27  19],307,-3,1
20,g020,100,[  5   2   1  20  16   6   4 100  74  34],314,-3,1
21,g021,100,[ 12   7   4   2  22  18  11   6   1 100  78  32  24],339,-2,1
22,g022,100,[ 24   3  22  21  16   4   1 100  76  32  23],343,-1,1
23,g023,100,[ 17   6   9   2   1 100  72  27  24  21],294,-3,1
24,g024,100,[ 17  11  21  16   6   4 100  76  29  25  22],344,-3,1
25,g025,100,[ 15  21  17   8   5   4 100  73  28  24],316,-2,1
26,g026,100,[ 15  21  18   7   6   5 100  74  27  25  22],320,-1,1
27,g027,100,[ 12   6  21   3 100  73  27  26  20],288,0,1
28,g028,100,[  8   6   5   1  24  17   7   4 100  74  34  31   9],326,-3,1
29,g029,100,[ 13  24  19  11   5   3 100  71  23],317,-3,1
30,g030,100,[ 13  24  15   6   5   4 100  80  32  25  23],327,-2,1
31,g031,100,[ 39  14   9   4   2  21  12   6 100  78  33  23  22],369,-1,1
32,g032,100,[ 18   8  21  20  12   5   3 100  78  32  26],343,-3,1
33,g033,100,[ 18  10   8   9   7   1 100  76  27  25  24],334,-3,1
34,g034,100,[ 18  25   9   6   3 100  82  31  27  24],343,-2,1
35,g035,100,[ 29   3  25  19   8   6   5 100  76  28  27  21],376,-1,1
36,g036,100,[ 13   5  25  18   8   7   3 100  72  28  24  20],323,0,1
37,g037,31,[13  8  5 25 31],103,-4,2
38,g038,25,[13 25 20  8  7  5],83,-6,1
39,g039,30,[29  2 25 22 12 10 30  7],168,-4,2
40,g040,17,[15 17 11  4  3  7],71,-4,3
41,g041,34,[17 23  7  3 34 24  1],143,-5,4
42,g042,47,[25  3 10  9  6  2  1 47 14],134,-4,2
43,g043,24,[20 24  7  3 14],71,-3,3
44,g044,15,[15  9  5  4  3],54,-4,2
45,g045,70,[27  6  5 23  7  4  3 70 10  2],232,-4,7
46,g046,15,[15 12  7  4  2  1  3],44,-5,1
47,g047,24,[16 24  7  1],65,-4,1
48,g048,25,[11  4 25  2  1],47,-4,1
49,g049,80,[11  4 20 16  6  5 80 63 18  1],229,-3,8
50,g050,30,[30  7  3 20 13  5  1  2],91,-4,1
51,g051,68,[18 20 15  6  3 68 33 16  7],192,-4,1
52,g052,81,[19 20  6 81],207,-3,8
53,g053,35,[15  5 22 14  4 35  1],107,-4,2
54,g054,41,[15  5 22 16  8  3 41 12],139,-3,5
55,g055,28,[28  8  4 22 16  7  5 27 21 11  9  1],163,-2,3
56,g056,44,[44 15  9  6 21 14  7  4  3 16 11],150,-1,1
57,g057,100,[100  64  53  24  21  18   8   6   4   3],319,-2,1
58,g058,100,[100  21  15   8   4   3  28   9],188,-1,1
59,g059,20,[ 6  4  1 20 16  8  5  3],74,-3,4
60,g060,20,[ 4 20 18 11  6  1],81,-2,3
61,g061,24,[ 4 10  7  3  2 24],56,-3,5
62,g062,21,[ 8 21 15  6  5  4],59,-4,1
63,g063,42,[42 11  6  1 21 15  5  4 35],148,-3,8
64,g064,34,[11 21 16  6  4 34  7  3],112,-3,1
65,g065,41,[11  7 21  4 41  2],125,-2,1
66,g066,68,[21  8 20 15  7  5  3 68 27  1],200,-1,1
67,g067,100,[  8  20  15   7   4 100  48   2],208,0,1
68,g068,21,[ 8  5  4  1 20 16  6 21],92,-4,1
69,g069,32,[11 19 16  7  5  4 32],94,-3,2
70,g070,62,[15  5 19  6  4 62 16 12],159,-4,1
71,g071,64,[55  9  7  4  3 19 15  8  5  2 64 14],205,-3,4
72,g072,42,[ 7  6  4  2 21 13  5 42 40 25 15],188,-2,3
73,g073,31,[15 21 20  9  8  3 31],107,-4,2
74,g074,57,[17  1 16 10  4  2 57 18],139,-4,2
75,g075,8,[8 5 3 2 4],24,-5,1
76,g076,40,[18 22 16  9  4  3 40  1],113,-4,2
77,g077,22,[17  6 22 16  5  8  4  1],94,-4,3
78,g078,52,[52 12  6  1 22 16  5 21],146,-4,2
79,g079,41,[ 5  4  3  1 22 41 14],97,-4,2
80,g080,22,[12 22 13  7  4  2],62,-5,1
81,g081,36,[12  3  2 22 20 14  4 36  1],116,-4,2
82,g082,16,[ 7  5  3  2 16 14  6  1 12],86,-3,4
83,g083,30,[16 21 11  6  3  2 30 20],113,-3,2
84,g084,21,[17  6  5 21 15  3 20],99,-3,3
85,g085,49,[49 12  4  1 21 18 10  6  2 19  8],162,-3,3
86,g086,33,[ 6  4  2 21  5 33 20  9],108,-3,2
87,g087,21,[11 21 14  7  4  3  9],69,-3,2
88,g088,56,[17  7  1 21 11  6 56],153,-3,3
89,g089,44,[ 8  6 16  7  3  1 44  5],99,-2,3
90,g090,16,[16  5  2  4],27,-3,3
91,g091,100,[ 16   8   3 100  28   2  37   6],300,-3,4
92,g092,100,[ 52   8   4   2 100  50  49   1  31],397,-3,2
93,g093,100,[100  45  29  12   3   1  30],584,-2,2
94,g094,100,[  8   3 100  56  44  24   5],340,-1,1
95,g095,100,[ 58  26   8   3 100  29   1   6],334,-2,1
96,g096,100,[ 51  15   4 100  61  39  20   5],399,-2,2
97,g097,100,[ 10   8 100  29   3  23  11   4],288,-1,1
98,g098,100,[ 56  20   7   1 100  52  48  11],396,-3,3
99,g099,50,[50 32  5 14 11  9  2 47],219,-3,2
100,g100,38,[12  7  2 38],59,-2,2
101,g101,100,[ 23   9   6 100  57   7   2  47   8],359,-3,1
102,g102,100,[ 35  13   8 100  53  47  57  16  10],439,-2,1
103,g103,100,[ 42  25   6 100  57   7   2  76  24  18   1],458,-1,1
104,g104,100,[ 41  17   3   1 100  63  37  39  15],516,0,1
105,g105,100,[ 51  32   5 100  57   7   3  21],376,-2,3
106,g106,100,[ 32  23  18   8 100  51  49  37  35  14   3],488,-2,3
107,g107,100,[ 19 100  57   7  15   6   5],309,-2,2
108,g108,100,[ 48  15  13 100  51  49   6   1],396,-2,2
109,g109,49,[49 20 10 16 11  5  4  2  9  1],143,-1,1
110,g110,69,[69 35  9 12  8  3  2  4],145,-2,1
111,g111,59,[59 21  6  2  4  3  9  1],106,-2,1
112,g112,100,[  7   5 100  21   4   1   8   3],270,-1,1
113,g113,100,[  6   5 100  50  42  12   9   8],382,-3,1
114,g114,100,[  6   4 100  21   1  48  15  13],312,-2,1
115,g115,100,[  6   2 100  52  48  68  28  11   1],417,-1,1
116,g116,100,[ 16 100  21   4  41   5],387,0,1
117,g117,100,[ 26  13   6 100  53  47  18   4],367,-2,2
118,g118,100,[ 46  20  13   6   3 100  21   4   2  30  29  14],403,-2,3
119,g119,100,[ 37  30  19  11 100  55  45  20  10   2],429,-1,1
120,g120,100,[100  37   5   3   7   1  17  10],181,-2,1
121,g121,100,[ 27  11   9   3 100  57   7   2  24   5],345,-1,1
122,g122,100,[ 51 100  53  47   9   4],420,-3,1
123,g123,100,[ 65  37  11 100  57   7   2  51  24],465,-2,1
124,g124,100,[ 48 100  52  67  32   9   2   1],459,-1,1
125,g125,100,[ 58  41   5 100  56   6   2  44],517,0,1
126,g126,100,[ 84  46   9   6   4 100  53   1  52],501,-2,3
127,g127,100,[ 59 100  57   7  22],345,-3,2
128,g128,100,[ 84  47   8 100  51  49  59   1],499,-2,3
129,g129,100,[100  33  26  10   5],179,-4,1
130,g130,84,[84  2 12 67 43],281,-3,4
131,g131,74,[63  2 11  7  3  1 74 15],179,-3,1
132,g132,100,[100  36  20  10  23   4   1  86   8   5   2],295,-3,4
133,g133,77,[15 11  3  2  1 24  4 77],160,-2,3
134,g134,68,[68 43 33 25 17  6  2 65],292,-2,2
135,g135,79,[76 43 14 21  4  3 79  6],246,-2,2
136,g136,100,[100  22   8  30   5   2  78],245,-1,1
137,g137,100,[100  49  18   6  11   3],298,-3,2
138,g138,100,[100  56  44  24   1],325,-2,3
139,g139,100,[100  47  13   7  19],286,-3,2
140,g140,100,[100  56  43   1  63],363,-3,3
141,g141,100,[100  52  14   6  71  17],360,-4,1
142,g142,100,[100  53  47  74   9   2],394,-3,3
143,g143,100,[100  56  18   9  59],378,-2,4
144,g144,100,[100  51  48   1],301,-4,1
145,g145,50,[15  1 50],67,-3,3
146,g146,100,[100  48   3   1  62  10],324,-4,1
147,g147,100,[100  99  59  40  64  13],388,-3,3
148,g148,100,[100  47   4   2  13   8   7],281,-3,4
149,g149,100,[100  53  46   1],300,-4,1
150,g150,100,[100  52   5   2  50],309,-3,2
151,g151,100,[100  57  43  65  15],380,-4,1
152,g152,100,[100  54   5   3  66  15],361,-3,2
153,g153,100,[100  99  54  43   2  14   6],324,-3,3
154,g154,18,[ 5  3 18  9  4],39,-2,1
155,g155,100,[100  49  18   3  51],321,-2,5
156,g156,100,[100  54  46  64],364,-2,5
157,g157,100,[100  48  14   2  55  32  13   5],369,-2,1
158,g158,100,[100  54  46  73   5   1],379,-3,2
159,g159,100,[100  52  14   3  54   5],328,-3,2
160,g160,100,[100  50  58   4   3],365,-2,1
161,g161,100,[100  57  19   2  69  10   6],365,-1,3
162,g162,100,[100  56  44  17  13],343,-1,1
163,g163,100,[ 15   7   4 100  41   9],176,0,1
164,g164,100,[100  47   7   3  42],299,-1,4
165,g165,100,[100  99  50  48   1  45  42  24  15   3],427,-1,3
166,g166,100,[100  48   4   1   7],260,-3,1
167,g167,100,[100  53  47  29   4   2],335,-2,2
168,g168,100,[100  52   6   4  28   5],323,-1,1
169,g169,100,[100  57  43  24   9   8],341,-1,1
170,g170,100,[100  57   5   3  41   1],307,-2,2
171,g171,100,[100  59  41  46   5],351,-3,1
172,g172,50,[50 15  9],74,-2,1
173,g173,57,[57 13  3],73,-1,1
174,g174,100,[100  39  13  11   8],171,0,1
175,g175,41,[41 38 21 14  3],117,-1,3
176,g176,20,[20  2],42,-1,1
177,g177,19,[19  8  6],33,-1,1
178,g178,48,[48],48,-3,3
179,g179,35,[35  3],38,-3,1
180,g180,49,[49 18 14 13],107,-2,1
181,g181,52,[52 18  3],73,-1,1
182,g182,100,[100  38  11  10   8],167,0,1
183,g183,41,[41],41,-2,2
184,g184,49,[49 28],126,-1,3
185,g185,41,[41],41,-2,2
186,g186,9,[9 1],10,-3,1
187,g187,25,[25  2  1],28,-3,1
188,g188,31,[31  4  3],42,-2,2
189,g189,31,[31  4],66,-1,1
190,g190,21,[21  9  7],37,-1,1
191,g192,50,[50  1],51,-3,1
192,g193,57,[57 15 11  6],95,-2,1
193,g194,61,[61 11  1],73,-1,1
194,g195,100,[100  30  11  10   5],156,0,1
195,g196,47,[47  1],95,-2,2
196,g197,45,[45 24 16  5  3],93,-1,3
197,g198,7,[7],7,-3,1
198,g199,28,[28 10  3],41,-2,2
199,g200,27,[27  7],61,-1,1
200,g201,27,[27 14  4],45,-1,1
201,g203,47,[47 13 10],70,-2,1
202,g204,58,[58 16 15  5  3],97,-1,1
203,g205,100,[100  37  16  11  10],174,0,1
