Vector | #Nodes count 
10010010010110111111111100110011000011010 | 324 
01110011111101110011001111001010111100010 | 323 
11011111101011110110101010011111000001101 | 314 
10001100111000111010100111110011001000010 | 311 
11111010111011111111001010111011101100011 | 311 
01101110101110111100111110010110000000010 | 311 
10101001110011001111111111001100011110000 | 309 
11110101001101101011001110101100010000010 | 309 
01010011001101101001100101100011001000011 | 309 
11001101001111000111110000111110100010001 | 308 
11001100110100011111011000110101100101111 | 307 
01010101011110111011111110110010100010000 | 307 
01111111101010111010111000110111000000010 | 306 
00000001110011011011000110111101011010100 | 306 
11001000110011011100001101111110001000111 | 304 
11011100000011001111101001011110011101000 | 304 
10111101001100111100010101001101110100101 | 303 
01101111101111101000110001011100111010111 | 303 
10101111000010101001001100101111100100100 | 302 
10000011101110111111010011110101101100010 | 302 
11001110111110001101111010100111001000011 | 302 
11001001111100001011110100110100111000011 | 302 
11100000100110011000101111011101011010010 | 302 
10110001110011111111110010010001011111011 | 302 
01101101110011111101100110111111001100011 | 302 
10010100100100011011101110101111000011011 | 302 
00111100011011001011100011101011010101000 | 301 
00110111111111011111000000010111101000000 | 301 
00101101100100011010101101101111100001101 | 300 
01011011011011011011101100101010011101010 | 300 
00110011100110011100110010101101001000111 | 300 
00111110010111100011001101111010110011010 | 300 
10000000010100111100001111101111001001100 | 300 
11011110100011101111110011011100011001010 | 300 
00011111110100110110101000111111000110111 | 300 
10110110011101001010100011111101000011011 | 299 
01100110101011010011100100001010010100110 | 299 
11000001111110001111111000001100101000100 | 299 
00011000100111110011110110101111001110100 | 299 
01101000001001111101110111111111111010101 | 299 
01010010111101010010011101100011100000001 | 299 
10111101000100001111110011111011100000000 | 298 
10110011110010010001111110100111101100001 | 298 
01100101101110110101011100010111111111010 | 298 
11111000110111101111100000100011111001001 | 298 
11011001100010111111110011010001101111110 | 297 
00111110110010001110101010001110100011001 | 297 
11111011010000111111000111101011001101001 | 297 
01110011001111001010001100100100100001011 | 297 
00110011100110111100110001101111100101010 | 296 
01010111001000110110111011111100001111101 | 296 
10111011110010001010000111010101010101000 | 296 
10011010010101100111000100110001110010000 | 295 
01011101011101010001110011110100110110011 | 295 
01001101100110000110111011011011111011011 | 295 
01111000110011110100110100111101101100000 | 295 
11111110011010101001000101010110101001010 | 294 
10101101000100111011111010101100000011001 | 294 
11001111010110001100111111011000011110001 | 294 
01001101111111011000101101001000001111010 | 294 
11010001100001100110011001011111001101111 | 294 
11100010110001100110100100011111000110010 | 294 
11100000101111110111101011100111010100100 | 294 
01101100011101000100100011010101010000011 | 293 
00000111111100111100000110011011000100111 | 293 
00011100110010011101110001000111110011110 | 293 
10010001100011111111111011000011010101111 | 293 
10111011011001100000001010001011000010111 | 293 
11100110010111111001100011101011001111010 | 293 
00011100101100101001011100110111001010111 | 293 
10011010110100100110010100001001010001100 | 293 
00101001110000110100110101001110111010000 | 293 
10100000001011101011101111000010100100011 | 293 
11101100000010101100111110101011111011100 | 293 
11111100101110110000001000001001110011110 | 293 
00001101001000110100000011111111010000101 | 292 
10100101110000101111100111100110011000001 | 292 
10110010011011100001111101100000000101001 | 292 
11111011110100101001110110111110000000000 | 292 
11011111100000111011000111001010001110110 | 292 
01001111001010100010001111011000101101010 | 291 
10001101111000011110110111001001011000110 | 291 
00101101010111111011110100101100010001111 | 291 
00111100000000011000111111001101100011111 | 291 
10011111101111010111110100001110011111001 | 291 
00011000101110100111011100011110101000101 | 291 
00101110001111111110010110110010100101010 | 290 
00011011101110110001110101100101000100010 | 290 
01111011000001110001001011110101000101011 | 290 
10110011011100101111110110001011010010110 | 290 
11010000111000101111111110101100100101001 | 290 
10101101110110110110110011010100000111100 | 290 
11000011111101110000100111000010000110100 | 290 
11011110010010100101111011111111111101110 | 289 
00111010110001111100111001100100010010011 | 289 
10101010011001111101011110111001100001000 | 289 
00111010000100110111110011101110101001101 | 289 
10001101000011010011011110010001011111110 | 289 
01111110010100111000101110000010000111111 | 289 
01001101110001010110100110101100001011111 | 289 
11010001111111100111101001000001101010111 | 289 
00001001001111111010101011111110111110011 | 289 
00100000011001100110101000110011011111111 | 288 
11110011011111010111111010000100101100001 | 288 
00010010111001101100011111111100010111001 | 288 
01011011010101000000001100111101001110101 | 288 
00011010111110101101011011010110111110110 | 288 
10101010001011111001110000100100100000100 | 288 
01111010110010000001010101110000010001100 | 288 
11010010111010010000101101011111001100101 | 287 
11110000110000010100101100001110110100001 | 287 
01001111110010001000101000100110000010010 | 287 
10011101110001110101100011111000010010100 | 287 
11111000100111100001101110101101111000110 | 287 
11001101100001100110010111011000101001010 | 287 
00000111101000001010001100110010010001010 | 287 
01001111010000001111011000111001000101011 | 286 
01001100110101011010110000100101101100110 | 286 
11110000101011000100100111001101101010001 | 286 
01010011001011011011011101101001001001100 | 286 
10010111000000011110101010011010011000110 | 286 
00011100101110110101101101101110001111101 | 286 
11100110000101110111001001000000000111001 | 286 
01000101010110001101011011011110110110000 | 286 
10001000011101111111011000110110001111101 | 286 
11000110110111001010101010011101100011111 | 286 
10100011110110100100101011101011011000011 | 286 
11101010011100001110011011100111110110100 | 286 
11011101101100000111110011001001001011110 | 286 
11100111010001001110100100011111010000101 | 286 
01001111101101101101100100010101110000110 | 285 
10100011010100001110011011110001010000001 | 285 
10100110100111100000011111010101100101100 | 285 
11100011111001011001001100100001110010110 | 285 
01100110001000110101111001001111001111001 | 285 
10001111111010101000001111011011000010110 | 285 
01101010010000011001001111000110000100001 | 285 
00100110010000000101011010000010000100010 | 285 
00010101000111101111101000011101001000011 | 285 
10010010011101000000010101100000110110000 | 285 
11011100001100111011100011000110110010000 | 285 
01001110001000100100011111101101110001101 | 284 
01101101111000011010111001010000010111011 | 284 
01000111100110011011110110010101011111000 | 284 
11000001000111011101110101011011110001110 | 284 
10101101011110101001101010110011110010110 | 284 
11100100100110000011011110010100111001111 | 284 
00010101111011110010010000000000101011000 | 284 
10011110110101101100001111010010100110101 | 284 
11101101111100111010000100011110110001101 | 284 
11011111110100100100011101010101101010110 | 284 
00000001111110000011011101101010111100011 | 283 
01111001111111101010010100001011011011011 | 283 
10001011000100011001001111011001100110001 | 283 
11010000110001110100100011000110111000100 | 283 
01110010111001011000010001100110011100001 | 283 
00101001110010110110000111111110101000101 | 283 
10010011011010000001000111111010011010011 | 283 
11110110100100000000110110011010010010101 | 283 
11001001000001011100000100010100001110000 | 283 
11001101101110100000000000101111100000000 | 282 
00101100111010010001111111110010000000101 | 282 
00000100010101101000010011000101010010001 | 282 
11010011101110101010110010000110001101111 | 282 
10010101010000000111100101100010101001011 | 282 
00011111100001111111010110100010110110110 | 282 
01011010101010000110111011000010010111100 | 282 
00110011101111000000100000001100011100001 | 282 
01110000110011010100100011000000100100110 | 282 
11111100010000011110000010001010001000101 | 282 
10001100100100000110010100011110011100011 | 282 
00101101111000011110001101100011111010111 | 282 
10110110110011100001000000000001010001011 | 282 
11100010100001000001111000011010101011100 | 282 
11110111101111001110000110111001011011100 | 282 
01111011010110011111001010110011110110010 | 281 
00010111110000010001111111100001010001001 | 281 
10110000001011111001101000110011111110110 | 281 
00001100000101101011011010111111000100001 | 281 
10110100001011100011110111000101000010101 | 281 
00111011101000100101000011111000111010001 | 281 
10100100010111100011100000110101011010011 | 281 
01110001011111011100110100001110111011101 | 281 
01010111010111000001011100000111110010101 | 281 
10001111011001100100111001000100000000011 | 281 
11000110001010101111100010010000010000100 | 281 
11101111000000100010110101010111001010000 | 281 
11111010110100100011100100100100110010011 | 281 
00011001111100100100010001000011010100011 | 280 
10000011111001011100001101001010000010010 | 280 
11101011111001001111100110010010101100000 | 280 
10100011001100110110101100011110000011110 | 280 
00110000101001111001010110011100100110001 | 280 
01001000011010010100100001010011100000111 | 280 
11001101101011000100011010011101110000010 | 280 
10011100101110001001011011010000101100001 | 280 
10001010100110100101110010001011111001001 | 279 
10111101011110100011010001001011000011010 | 279 
00000000000100110110111100100000100100010 | 279 
01000110101001101101010011011011011010001 | 279 
00101001111010111000101001110110111110110 | 278 
00010111010001110000110101001001001010100 | 278 
00100001010000100111011010001001010011100 | 278 
10011100010011001000011000001000000110000 | 278 
01001100001010101101010001000010000101101 | 278 
00000010101011101110100101010001110010010 | 278 
11001010010111101001101101111000010101010 | 278 
01111010001101001010010101001011011100110 | 278 
01100010110100111100010011111000111100010 | 278 
01000000100010111011010100001010101101011 | 278 
01011010011000001101100001110110010110110 | 278 
01010111110011110001010001100010000101100 | 278 
00101010010110011100010000110010110100100 | 277 
01000000101111101001101111110010001000101 | 277 
01000111011111111110001001001110011100011 | 277 
10011110110101010001110011011110100101010 | 277 
11111010011010000010010011110011010101111 | 277 
11100010010011000010011001010101101011100 | 277 
11010100110010110000011111011001011011110 | 277 
00000011100010101100011001001110100010001 | 277 
10101011111100000100110000101010101001101 | 277 
00010000111010010101000000111000111010111 | 276 
10111011101001001111000101110000011001011 | 276 
01001010111001010110110001100110101000001 | 276 
00011100001011100000100001001110101000101 | 276 
00101100100101001010100101010001101100011 | 276 
10000011011001001110110001011011111001110 | 276 
10101100100001000101010011101110000111111 | 276 
01101101001001011000100101000111000100011 | 275 
10110110000001110110101011010100111001010 | 275 
10110000111011011100000101111001010011100 | 275 
10000001000000010011011110100010010000111 | 275 
10010100101000110001111011011100010111001 | 275 
10010011000001100000000001110000001101110 | 275 
00000010001010110101010100011110101001000 | 275 
11100111101001000011010010000000001101000 | 275 
00011100000110100101000010010100001101011 | 274 
01001100000111000101101000011011101000111 | 274 
10010010101010111000111000001110001100110 | 274 
10100001010110000010111000011000110011001 | 274 
10110110110100010110110000010100010001011 | 274 
00000001101001101110101001011011010110011 | 274 
00111100000111010010101000110110111101011 | 274 
00101010101101000101100101100011110100101 | 274 
10010110101101100000011100110100100011000 | 274 
01010110111010111001010001011000001011111 | 274 
00010011000011011011000111101100110010000 | 273 
01001110010100011001001001111011111100001 | 273 
01101010001101001001110010100001110000101 | 273 
00111101001011111011010000010110011000010 | 273 
01001101010000010110010011010001010101001 | 273 
11000000101000010111100010111011101110110 | 273 
01001100001010000100100011010101000010011 | 273 
10100001011000100101000010000011000000101 | 273 
01101001010010110100111101110010110101101 | 272 
00000110110011100101000110001001000110111 | 272 
00010101111110110001010010100000111010001 | 272 
00001010001110001100101010000011110101100 | 272 
00100101101011010110000000000100101010001 | 272 
00010100110010010000000100101111110001011 | 272 
11101000001101110000010100111111111110100 | 272 
11000100001000001010111110001010001001100 | 272 
00000101010011110010011101010000110001110 | 272 
10000001100001011011111010001111100000110 | 272 
11101011000011010010100100010001010001000 | 271 
10100010000010111110000000011111101101111 | 271 
01001011110101000000000101101111110010001 | 271 
10001011101100010000101001010001010111001 | 271 
01001001011110011010001010110000010001001 | 271 
01001001100001110110100100100100100100101 | 271 
10100111011110010010100100110100111000011 | 270 
10101000101000011111000100101000011110100 | 270 
01000101110000100101001100011001110001000 | 270 
10100001001000101001010001110010110100111 | 270 
10001001100110000011010101011110110110011 | 270 
11110100110010100100000011000010110100100 | 269 
10000010001101001100111101001001000111111 | 269 
11111100001011101001010001111010111010100 | 269 
01011000010000100110010000010001011000110 | 269 
01100110010011001000010010111001100100111 | 269 
10001101100001010000010010010101100011100 | 269 
10011010011100011100110010001010001110101 | 268 
00001011001110100000010001111100100100000 | 268 
01011000101101011001000001110010100011101 | 268 
11010111001000010100100101011100100001101 | 268 
00000111100010110001111010001010000101010 | 268 
01101001001001100110111110110000110110001 | 268 
00001011100001101011001101101000010001000 | 268 
00000100000100000011101111010000011010010 | 268 
00001101110000100100110000011000000000111 | 267 
00100000110000101110011100001000101101001 | 267 
00110100101001001011000000011100001100011 | 267 
10100000001110011001011001001011101011100 | 267 
01111110011000100001010111001100111010100 | 267 
10001011111001010101101000100100011010001 | 267 
11001001010000010001011110110010110110010 | 267 
01010101110000011001111100001100110100101 | 266 
00101001100110100110100000100100100010110 | 266 
11001101111010111000100000000100001111110 | 266 
01010001001000101101010100111101101000111 | 265 
01010010110001000001010011100100111001111 | 265 
11010011100010011001010010000001011100011 | 264 
11001110010000100111110111000010001000010 | 264 
01111101101000000110111000111100111001001 | 264 
11001010001110000000011110000010110100110 | 264 
00101111010100000110001110010100011111100 | 264 
01010001100011010011111000100111111111010 | 264 
11001011001100100000100101110101000000100 | 263 
11100011111000000000100000100000010100100 | 263 
01101100000111011101111011000010110010010 | 263 
11001001010000101110001011111111101101010 | 261 
00000001000011110010001001001001101000010 | 261 
11111001101101010011011000010010001000010 | 261 
01100110111000000101001001100100010001010 | 261 
01001011111010011011001000111101100101000 | 260 
00110110000001100100011000000111001111111 | 260 
01010111000001100100101000000101011001110 | 258 
00101100000011010100011101001000110100010 | 257 
10001000001011110110000011000011001011001 | 257 
10000010110101001000011110100010011001111 | 257 
10101101111000010111100010110011001111111 | 255 
00010100010110010000000111010100110011011 | 255 
11000001000101010010001011001101111100001 | 254 
00011100010011100101001110001000010000001 | 253 
01001101000100001001110100101000110100000 | 253 
11110110100111011100011101100110100100101 | 252 
11000001100101111010100110011010000101100 | 252 
00010100100010010000001010000010110000001 | 251 
10000110000110011101011000101101110111111 | 251 
01000000101001001001101000101111101100011 | 250 
00001000110100100000110111000010011010111 | 248 
00110111011011000110101000010111101100100 | 246 
00000001001010000010010100100010001001000 | 246 
00111111000000100111101111001110010101111 | 244 
11101010000101100110001001110011011000100 | 244 
11000100101000010100001110101010010101111 | 243 
01101101001111001100000000010011000100001 | 243 
01001101111000111111010000110001101110111 | 242 
10100110101010011011000100100011011011001 | 242 
11010110010010111101011000100111000110101 | 242 
10001010111101010111001001111010000111001 | 242 
10111110000011101010100011011100011110111 | 241 
01011100001100000101110100000011001100100 | 240 
10100010001001111111000100011000010100101 | 240 
10011110100100100001110110000100110110010 | 240 
11110010100111011000010001001111111011000 | 240 
10100011111000010011001001111101000101001 | 239 
11101001110100001010111110000001010101111 | 239 
11101110001010001110000001000111000000100 | 239 
00101111110001110101101110000100100001000 | 239 
00000000110110001001010111101100110101110 | 239 
11101111010110011000111011001110010111010 | 238 
01101001110101011111010110010100100101101 | 235 
00000110010111010101001101011010001010110 | 235 
01000101011010100010011110111000100000110 | 233 
10111011001001011010110010100110100101001 | 232 
10110100111010010100100011000000011100101 | 232 
10000101001100100000000001110101010000011 | 231 
01111010101001011101100010111001100100000 | 231 
01010000000000011101000001010110001011001 | 231 
01001010000101110101010000010101101100011 | 231 
00100010100010111111111001100101010001011 | 230 
10101010111110110011100010111010011001001 | 230 
10100001000000001010000100110010010011101 | 229 
10000100011011111000000011001001000100001 | 227 
01011010101011011001000001011110111000000 | 227 
10100010010000001011110011011111001101011 | 226 
00011011110101101100001111110001100110101 | 226 
10011010101010110100011011100000001111101 | 226 
11011111101100100000101001001001111010110 | 226 
11000101100010010010001010101011101010100 | 225 
10100110101111101101010110011111110000001 | 225 
01100010000110001111110111100101000111001 | 225 
11111000010001110110001011001010101011111 | 224 
01010011011001000011011110100101001110110 | 224 
11000001100010110010111011000000011011011 | 222 
10100010111101110100110000101001101110100 | 222 
00100010011010011101100010000110110101011 | 222 
11000010001001011111100100010101001100101 | 221 
11110100100000001111010000000111100011100 | 221 
10001100101001000011001110000110000011101 | 221 
00110101100001010010001000111011100010100 | 220 
11101100111011010011001111011110010101011 | 220 
00000111011010101111111000001000101111111 | 219 
01000101101000000000000011001101010111110 | 219 
00100101011101110011101011110011100000101 | 217 
01110000001110000011001000000001110101001 | 215 
10010001011001111100001001100111101010001 | 213 
00000110100000011000000110001100010100101 | 213 
00111001010110011010011101010000100001111 | 212 
11101001110110101110010000101010101000111 | 211 
00000010001000010101000000001111111101111 | 210 
00111100110001011110000111100110111010001 | 209 
11100010100110101001000100101010111110001 | 209 
00110101111111010000000110000100000101101 | 208 
10100000011010000101101101000011011000111 | 203 
00100011111011101111001101001000110101101 | 201 
00111000010011011100010010101111010010001 | 198 
00010001101010011000111110000011110000100 | 192 
11100010000100010011011000011011010001100 | 192 
