Vector | #Nodes count 
001001101000011000000110110110110 | 459 
101101110011101001000100110001111 | 457 
100110010110011110001001100000111 | 457 
001011010111000010000001100110100 | 455 
110101010010011110101000000100010 | 455 
011000010111110101110010111101010 | 454 
110001011100000010001100110111111 | 454 
010000010110001010001011100110100 | 454 
110100011111010110110101110100010 | 453 
000011100011000110000101001011010 | 453 
100010011001111000101101010010111 | 453 
000100110001010111001001011000010 | 452 
011101110110110001010010110110011 | 452 
100011000111101111000001110010100 | 452 
101001101001011001001000110000110 | 452 
000110010010100010001111110011101 | 451 
100011010011101000001100010000011 | 451 
001110001001001100000010100011111 | 451 
100111110000010001001000110001000 | 451 
001011110011001000100010100111111 | 450 
110011000101001010100010100110100 | 450 
000110010110100101101000110110110 | 450 
001111100101111001000000100110110 | 450 
011111010111100001100110100000010 | 450 
011101101011110010001010010111000 | 449 
111000111100010100100000100111111 | 449 
011001110010101110000011010111101 | 449 
011011010010010111010010111110000 | 449 
111000110011110010111111000000101 | 449 
011111110101010010110111110000100 | 449 
101001100111000010001001010111100 | 449 
011001110010011001101001100000000 | 449 
001100100101100101101111010000101 | 449 
101010001111101001001001101001110 | 448 
010011110110110111001110010010101 | 448 
101001100101101001100100100011110 | 448 
110001100011011110110111010111101 | 448 
110100111111110111010010111000010 | 447 
110101101111110001000000110011001 | 447 
110000111111010100101100100101101 | 447 
001000111101111000001000111110111 | 447 
100011000101011000100011001011010 | 447 
100110101011100100001010110001111 | 447 
110111011110100010100001100000010 | 447 
111110101111101010000011011000010 | 447 
010110100001100111100011110101100 | 446 
000100010100110001010110001110000 | 446 
101100100110001111100100101010101 | 446 
000111100110101000011011000010110 | 446 
100100100001111100100101111010111 | 446 
111011111010100111101001110101100 | 446 
001100001110100011100011100011100 | 446 
011001000010110011111000010110111 | 446 
101001110011110100011011010110100 | 446 
011001100110110101001010010110100 | 446 
011100010001010111000101011111010 | 445 
110111010001110000111010010011000 | 445 
001110111100100101001000010011100 | 445 
111101011010011100101000100100100 | 445 
100101011000010101001001100001100 | 445 
000110110101001010101001101100000 | 445 
101001001101101101000100110001000 | 445 
011111101111010011010000010110100 | 445 
011100100111111000111000100110010 | 444 
110001011100010010111100110010100 | 444 
011001100011101001110010001111011 | 444 
111011101110000110001010011100101 | 444 
000001000011101000011100100111110 | 444 
000111000000001101000100000000111 | 444 
110111010011010000001011001011010 | 444 
001100110101001111100111010110101 | 444 
000010110110011100101011000111111 | 444 
011010100101101001101100100001100 | 444 
100101111110000100110000010111101 | 443 
111010111010010010000010011011111 | 443 
000000001011010000010111101010010 | 443 
101111110101000001000011101001110 | 443 
001000000111010001110010110000000 | 443 
110110010101100111010011000011110 | 443 
110010110011110100111001010111010 | 443 
110001100100000010110000101010111 | 443 
100100110001101001011001010111010 | 443 
111101001010000110100111010111000 | 443 
000101111111011110110110101000111 | 443 
100001001011001110100101000100001 | 443 
110110100111010011000010101000101 | 443 
011111101110011000101110010101111 | 443 
100101111010101110100011010110011 | 443 
110100001011010010011110011011111 | 443 
010111011010101111100010110001110 | 443 
010011100101011101010000010000101 | 443 
010110000011001011011001010111110 | 443 
111011011010000010110110010010101 | 443 
110010001000101101111001000011111 | 443 
111101110011001101001000011111101 | 443 
101000111111011001000110010101111 | 443 
001101011101001000101011011111010 | 443 
011001010010001101011001000011010 | 442 
001111010110111101000011101110100 | 442 
011101001010101100000011101111110 | 442 
101010011110001100001000010111110 | 442 
010111100000010110100111011000110 | 442 
010110001111100001110101000100100 | 442 
110111000110110100011001011101001 | 442 
100001110010000110111010110111101 | 442 
010010000011011111001011100001101 | 442 
011011100110101011010100111100010 | 442 
100101100111001010000110111000010 | 442 
110011010001101000101000011000010 | 442 
000001010001001000000111011110100 | 442 
101000110000010111101001001011111 | 442 
001011001100011000001001100111111 | 442 
010001000101110100001001101101011 | 442 
011011001100011110000101010111011 | 441 
110000010011101110100011101111000 | 441 
001111101001110010110111001010000 | 441 
000101111000010000001111111000111 | 441 
000001101111110000111011100001100 | 441 
111101010001111111101110110111000 | 441 
010011010000000100010111010001110 | 441 
010110111110001000000010101010010 | 441 
110110111110010100000101000001000 | 441 
001101001010001010100101101100001 | 441 
100011110011101111010000011010101 | 441 
011101111100011100000010011101111 | 441 
100111001101010010001110111011000 | 441 
111011111000110000101100011011111 | 441 
110111100110111000001100000001111 | 441 
101000011101110010011111010000111 | 441 
100011111110110101000010001001110 | 441 
000000011001000001101101011100000 | 441 
101100010010011100000110101001010 | 441 
000011101011111100010000000110010 | 441 
110100111110011101011011011010010 | 441 
100000000001100100011101011101010 | 441 
011100110101001101010101110101110 | 441 
111001010010101101101110110001110 | 440 
100111101010111001001011101111011 | 440 
000000110101000101100001000110110 | 440 
010111000010110000100111110000010 | 440 
100110001110101010010001010000111 | 440 
000011110010000110110000011000000 | 440 
110110000010100000010001000001110 | 440 
101101010101011100111001101011010 | 440 
101000100110001101111011000000111 | 440 
101110101000001000010110010010110 | 440 
111010110110000001111001100000101 | 440 
100011100101111110010100111001111 | 440 
010100011111110101000101111011000 | 440 
101010111001000110010000110100111 | 440 
101100010100110011000000010011110 | 440 
100110111110111101011101010100010 | 440 
001000001111011110111011011011101 | 440 
011010000010011100011111110100000 | 440 
010010011011100111101001011011011 | 440 
000010010110011101000000101001011 | 440 
011001001011111010110100010010000 | 440 
101010010111011111101101001000100 | 440 
001010101011100011100100100101010 | 440 
001001000010010110010001110100111 | 440 
000100100100100010101010011111110 | 440 
110111001110100111111010011101001 | 440 
011011011000100110001100101111000 | 440 
000000110000001110011011110001010 | 440 
001101111110010101101010111000001 | 440 
001000010001011010111010000011111 | 440 
000001001001100010100011011000111 | 440 
101110000011011010100010111100000 | 440 
000101100010011111000010100011000 | 440 
000001010100000101010100011100110 | 439 
110001101001000011101101001000010 | 439 
111010100100101011001000101111110 | 439 
111011110011001010011011001011110 | 439 
001111010101110001011110000000000 | 439 
011011011000101100000000111101010 | 439 
100101110110100001110001101110110 | 439 
110110100000001010011110001011100 | 439 
101011010000111111100100011010001 | 439 
111101110101101011011110001010011 | 439 
111101000001101100101001011010111 | 439 
110100001101000011111000111100011 | 439 
111100111010000101000011100111100 | 439 
001011100111100011101101000011100 | 439 
011111111100110100010000011100100 | 439 
011100000100101101111000100000000 | 439 
110011111101011100010011000111101 | 439 
101000111100001100001011011111100 | 439 
010000110001101010111000101100000 | 439 
110101010010000111111100101001000 | 439 
101000111001110001100101101011001 | 439 
011111100001010000100111011011001 | 438 
011000011101011101011010101111011 | 438 
010011000100011000011001111000110 | 438 
000111000100100011110000011101110 | 438 
000001010101011011000000001111011 | 438 
001110011111100001100101111110100 | 438 
111011001101001111011111110111111 | 438 
101000100110101100011101110101100 | 438 
000001000101110011111011001011001 | 438 
100001011001100100111011101001001 | 438 
100111100101000010110011010110110 | 438 
000001000011000111011111100011001 | 438 
001011101011000110110000011110100 | 438 
001010001111100100100111100001011 | 438 
000110001111001110101110001011000 | 438 
001111111010100000011010100001101 | 438 
100101000010010101110001100011000 | 438 
010001101101111110110000101001111 | 438 
001011001101010001110001000010101 | 438 
100100110100010100011100111111010 | 438 
101010101100110011110101011011111 | 438 
101011100001111100101011100011101 | 438 
010011100010101110111110011111001 | 437 
001001111001100010000110101101101 | 437 
010010001001100011011010010100101 | 437 
101001100110010111100101001110111 | 437 
111110100101110111111100110001111 | 437 
011101001101101010110110001111101 | 437 
001100111000110001110000000110010 | 437 
000001101111100011100100001110100 | 437 
101011010110100100010111110100101 | 437 
100010111010110011100010111011010 | 437 
001110000000110001011110110101010 | 437 
100110100000011001000010010101011 | 437 
001011100101010101001000110110101 | 437 
101101101101110111110100011100111 | 437 
100111110011100111001011110110011 | 437 
111001011111100100011001111110100 | 437 
110100011111111000001111111110110 | 437 
111111000111100001010000100101111 | 437 
010001010001110011011010001111000 | 437 
101010100110111010010001011001101 | 437 
101011110011100010001010010101000 | 437 
001101011110001000011110010000010 | 437 
111110111001000100000000000001101 | 437 
111001001110001011011110001111010 | 437 
011101000110001010110101010111011 | 437 
011110111101110001011101011111011 | 436 
111111111000011100001011111101110 | 436 
100001000011000011101011000100000 | 436 
011011001011000011101010001010101 | 436 
100101111001000110011000111101110 | 436 
101010011010101100111110010010101 | 436 
010010101001010110011110001010101 | 436 
111000011101110100110101110100011 | 436 
001110111110010101011101000111101 | 436 
000101010000011010001111001011101 | 436 
100110100111010100010111000111101 | 436 
101101000101011110110100110111111 | 436 
011100001111100000101100011010100 | 436 
111001100100110000011100111011000 | 436 
100011111100101101100110001010101 | 436 
001010100111111101110101101110110 | 436 
010111010010101001000000010000001 | 436 
011011111101010100110111111101011 | 436 
001001111000110001110011101100000 | 436 
111100101101001111101110010001101 | 435 
001111100100100100010101101001000 | 435 
000011000010010111110100000001101 | 435 
110101100000101110111011101100011 | 435 
001001010100100000000001100011011 | 435 
111010001100010101000111001110011 | 435 
001011101011100110101111110101010 | 435 
011111111111111111110111100001000 | 435 
011111000100100011110110001010110 | 435 
111111010000110100111100110101100 | 435 
000010010010010111010110001101001 | 435 
000000000101111101100011101100011 | 435 
011101101011101110010010101110001 | 435 
110101100100100100011100011011011 | 435 
000100001101111101001000101001101 | 435 
101011110010011001101111110101100 | 435 
100010011100011000000110100011011 | 435 
100111000000111110000001110101110 | 435 
001011100100111111000011000110101 | 435 
111011101010000100111111001011000 | 434 
100111001010000010111000110100101 | 434 
010000101111000100101111010010010 | 434 
110011100000111011101000011111111 | 434 
111101010101111110111100001101001 | 434 
101011011000111001000010001101011 | 434 
100001111100111010110000011110101 | 434 
110111011100011010010110011001000 | 434 
000100000101111011100101011010101 | 434 
011111101001000001001101011111110 | 434 
100101110010001110111011110100110 | 434 
011010100100000100010100011001001 | 434 
001001111111101010110111111001111 | 434 
111100101111001011111001111101110 | 434 
010100010001100100110110101101100 | 434 
001001010011110011001111001001101 | 434 
000110010000000100111100010000000 | 433 
000010110001000000101111101110010 | 433 
011101001100010011111010001100110 | 433 
111101000100110011011011011111100 | 433 
001011001110011010101000110011001 | 433 
000000010010101110101111100111001 | 433 
011110011100011000110101000011001 | 433 
001000110110100001111111101100010 | 433 
001011110000101000111101001101110 | 433 
101001100100100001001111101100011 | 433 
010011101110101111001011111110011 | 433 
101011111101000011000100111101111 | 433 
111010111101000001001111011100010 | 433 
111101001111111100110001000000001 | 433 
011011111001110101011001100011011 | 432 
010011010011100001110001100111000 | 432 
111100000011011111000100111010110 | 432 
010111110000000100111101001110100 | 432 
010010000110010100110101000001000 | 432 
000000101000110000000010110101011 | 432 
100001000000100001010001110011001 | 432 
101011000001000001010110011100001 | 432 
101001111001110000110101000001000 | 432 
101101011110101110111011111101110 | 432 
011000101101111110010000000000000 | 432 
110011100100001101011111110011110 | 432 
001011000111101100010011101110111 | 432 
010011011000001100001100101101011 | 432 
010111011101011000110110011100101 | 432 
000100010001101001000101101101011 | 431 
111110110011001111110011101000100 | 431 
111110011010011101010001101010100 | 431 
010011001000101000100100001010100 | 431 
001010111011110100010111000111101 | 431 
011101011000000111110011011001010 | 431 
101110011000110001000010011101111 | 431 
111001111001101001111111000001101 | 431 
110000100111000100111011001111110 | 431 
101110010000001011001001000011000 | 431 
111000101001110111111010011011110 | 431 
101010111100101001011101011000111 | 431 
101101100011001011101000011001101 | 431 
101101111100000000010101011001011 | 431 
010000111011111111011100111111101 | 431 
111011100101101101110010111010100 | 431 
100100010100110010100000000101011 | 431 
111001011001110111110011110111001 | 431 
000011001000111010011011001001000 | 431 
100010100111010100111011111010100 | 431 
000010100110101011110111010100010 | 431 
010110010110110101010011000001010 | 430 
110011001110000000101111001110010 | 430 
000010010010110000001100000100001 | 430 
011010111111101011001110000010001 | 430 
011000111001001100001111011110110 | 430 
010001010011101101011011000011001 | 430 
010111011000101111011011100100101 | 430 
010111101101100111010111001000101 | 430 
001101010101010111110011111111111 | 430 
111110010101110110101010111110001 | 430 
101100010001000011010100011001010 | 430 
001100111011101001000101001110010 | 429 
011101011000111111111011011001000 | 429 
010010111101111000010001101110001 | 429 
111101100001100111111110001010001 | 429 
001111010101011110111101111110100 | 429 
001010001110011111010010001010110 | 429 
111010000110011101101000011101101 | 429 
010110101001010011111111000111001 | 429 
111011100110111101111111011100010 | 428 
001010001000011000011010100000101 | 428 
100011101000001100001100111100001 | 428 
101000101001000011010110101100101 | 428 
000010101000110100011010110111101 | 428 
011111011000011111100111010001011 | 428 
100001100000110001011101101101100 | 428 
000111011011001000001011000001011 | 428 
110100011001110010010111101001011 | 428 
111100010001011100111111110101001 | 428 
000010001010011111111100001010101 | 428 
100010111011010111010001010000001 | 427 
001111000111000100010111001001101 | 427 
001110001101111110101111001101101 | 427 
100101011111101100111101100101001 | 427 
001011010110000101111000100000011 | 427 
100101011000101100001010111111000 | 427 
110010010100110100100101100111000 | 427 
110100101100010101011101101110100 | 427 
011011000010100110110100000111001 | 426 
101000011010101011010001111000001 | 426 
111010111000110010101111110000010 | 426 
100100001010010000011011100111100 | 426 
001110101000110000010111100010001 | 426 
011110011001010111110111001001010 | 424 
100100000101110001110011111100110 | 424 
100100110100101011011010111101101 | 424 
000111011011110101010101111101111 | 424 
000111101011100110111100011001001 | 423 
101100101001101001001111001000010 | 423 
000111101110011110110110000000001 | 423 
100001110010111111110100111100101 | 423 
111011010111011001011000001000011 | 423 
110001101001111010110011101110110 | 423 
101110100111011001010101101110001 | 422 
000101001001000111100111001011010 | 422 
001001110000101011001101011111001 | 422 
111001001011000101110100001011001 | 420 
101011001000001111110111001011011 | 420 
010000001000101101111001001001001 | 420 
